Vertex Number of Tree:890
0
646
41
44
46
77
711
134
146
114
199
72
74
452
343
18
118
236
311
361
417
476
515
679
738
150
256
761
125
310
5
24
94
174
444
920
769
668
821
164
152
37
49
69
121
51
122
162
194
211
224
292
329
350
359
392
443
528
583
588
606
614
632
649
658
669
677
709
721
732
736
737
760
762
767
779
783
805
843
846
858
859
861
2
893
167
173
149
183
312
10
336
580
609
864
888
169
230
293
870
645
176
119
97
182
368
187
71
61
313
21
63
90
157
272
438
794
947
198
237
260
262
264
151
430
612
755
782
896
270
390
578
598
600
644
655
665
672
699
752
796
862
901
958
202
48
807
872
218
12
391
126
225
865
223
619
245
259
248
360
634
267
369
629
111
793
113
268
344
412
431
969
946
124
273
287
325
299
918
300
351
364
739
742
884
592
733
883
963
379
684
342
482
381
681
246
403
743
62
323
405
20
302
496
781
802
704
420
423
424
478
555
383
838
601
626
638
784
792
340
860
887
82
875
926
4
935
953
688
696
701
818
155
705
878
455
902
663
731
1
212
446
569
617
657
708
219
242
319
698
922
788
798
809
940
3
274
652
882
144
171
334
905
801
7
29
8
188
265
448
11
746
13
16
810
17
23
145
165
416
676
834
402
54
915
919
43
335
413
445
749
25
27
28
30
31
32
34
35
951
457
9
38
60
378
531
42
404
19
45
47
52
158
449
670
804
154
543
55
778
57
943
58
355
603
959
93
227
247
294
326
787
869
937
352
67
70
441
744
750
78
748
493
200
575
582
842
956
79
349
80
81
772
396
596
898
83
86
87
590
903
91
235
95
96
217
970
100
102
107
109
112
40
304
366
611
622
824
116
117
163
648
703
866
936
120
123
650
659
651
962
831
127
33
475
132
137
138
952
139
234
682
716
857
927
961
707
823
338
460
148
680
201
579
666
686
745
797
166
175
221
232
250
301
513
75
581
633
637
694
697
486
713
806
863
906
908
914
847
924
933
505
156
574
853
193
374
867
159
160
161
178
719
253
897
949
483
589
729
800
394
604
667
724
830
153
316
851
320
819
850
889
965
177
341
181
845
185
240
497
64
717
757
876
190
191
195
664
690
764
827
832
892
899
251
370
456
576
627
208
210
213
930
216
249
282
447
661
702
220
775
231
844
233
363
640
795
874
362
839
106
895
257
585
714
389
605
816
945
948
468
276
595
799
285
286
297
584
840
925
317
811
618
826
683
68
849
885
891
917
365
324
434
331
586
337
401
440
776
855
263
593
372
382
399
621
565
662
723
854
873
385
384
387
388
400
815
415
422
941
428
436
642
442
911
587
129
616
303
763
766
462
105
706
916
692
454
577
557
567
691
722
942
458
481
495
502
571
564
570
620
758
594
615
624
628
700
720
921
822
966
653
673
674
678
871
814
734
747
771
928
785
881
907
886
931
964
932
954
172
179
345
518
773
103
780
868
472
533
6
101
730
222
467
204
395
298
753
14
15
305
354
99
934
141
314
318
685
923
147
957
480
22
239
186
330
26
92
308
377
258
487
765
228
243
768
808
136
348
829
967
803
421
828
238
968
791
913
289
290
490
266
315
108
280
284
98
439
568
712
735
770
938
960
76
573
625
660
255
254
358
197
353
477
556
950
572
841
88
89
774
900
656
812
356
333
610
929
880
241
636
639
836
944
110
607
375
425
411
695
939
693
718
740
288
406
128
206
848
131
133
180
261
613
209
522
710
756
837
890
623
813
910
820
909
306
484
170
790
184
602
189
894
631
465
214
215
654
339
817
244
429
675
380
269
671
271
725
408
630
393
296
322
687
647
789
504
566
833
426
786
835
754
728
852
321
521
516
295
291
65
66
489
488
135
643
226
591
130
373
397
398
451
741
904
59
143
196
279
410
479
115
419
512
641
597
689
955
252
376
418
463
599
715
140
346
466
536
281
517
537
471
474
485
507
879
84
347
357
414
461
529
275
494
277
192
36
437
514
511
608
510
367
635
508
328
759
523
503
912
Edge Number of Tree:889
(0 ,646):1.300000
(41 ,646):1.100000
(44 ,646):1.100000
(46 ,646):1.100000
(77 ,646):1.100000
(77 ,711):1.100000
(134 ,646):1.100000
(134 ,146):1.100000
(114 ,146):1.100000
(114 ,199):1.100000
(72 ,199):1.100000
(74 ,199):1.100000
(74 ,452):1.100000
(114 ,343):1.100000
(18 ,343):1.100000
(18 ,118):1.100000
(18 ,236):1.100000
(18 ,311):1.100000
(18 ,361):1.100000
(18 ,417):1.100000
(18 ,476):1.100000
(114 ,515):1.100000
(114 ,679):1.100000
(114 ,738):1.100000
(118 ,150):1.100000
(118 ,256):1.100000
(118 ,761):1.100000
(125 ,199):1.100000
(125 ,310):1.100000
(5 ,310):1.100000
(24 ,310):1.100000
(94 ,310):1.100000
(134 ,174):1.100000
(134 ,444):1.100000
(134 ,920):1.100000
(146 ,769):1.100000
(150 ,668):1.100000
(150 ,821):1.100000
(164 ,646):1.100000
(152 ,164):1.100000
(37 ,152):1.100000
(49 ,152):1.100000
(69 ,152):1.100000
(121 ,152):1.100000
(51 ,121):1.100000
(122 ,152):1.100000
(152 ,162):1.100000
(152 ,194):1.100000
(152 ,211):1.100000
(152 ,224):1.100000
(152 ,292):1.100000
(152 ,329):1.100000
(152 ,350):1.100000
(152 ,359):1.100000
(152 ,392):1.100000
(152 ,443):1.100000
(152 ,528):1.100000
(152 ,583):1.100000
(152 ,588):1.100000
(152 ,606):1.100000
(152 ,614):1.100000
(152 ,632):1.100000
(152 ,649):1.100000
(152 ,658):1.100000
(152 ,669):1.100000
(152 ,677):1.100000
(152 ,709):1.100000
(152 ,721):1.100000
(152 ,732):1.100000
(152 ,736):1.100000
(152 ,737):1.100000
(152 ,760):1.100000
(152 ,762):1.100000
(152 ,767):1.100000
(152 ,779):1.100000
(152 ,783):1.100000
(152 ,805):1.100000
(152 ,843):1.100000
(152 ,846):1.100000
(152 ,858):1.100000
(152 ,859):1.100000
(152 ,861):1.100000
(2 ,861):1.100000
(2 ,893):1.100000
(167 ,199):1.100000
(173 ,646):1.100000
(149 ,173):1.100000
(149 ,183):1.100000
(149 ,312):1.100000
(10 ,312):1.100000
(149 ,336):1.100000
(149 ,580):1.100000
(149 ,609):1.100000
(149 ,864):1.100000
(149 ,888):1.100000
(169 ,580):1.100000
(169 ,230):1.100000
(169 ,293):1.100000
(169 ,870):1.100000
(173 ,645):1.100000
(176 ,668):1.100000
(119 ,176):1.100000
(97 ,119):1.100000
(176 ,182):1.100000
(176 ,368):1.100000
(187 ,199):1.100000
(71 ,187):1.100000
(61 ,71):1.100000
(71 ,313):1.100000
(21 ,313):1.100000
(63 ,313):1.100000
(90 ,313):1.100000
(157 ,313):1.100000
(187 ,272):1.100000
(187 ,438):1.100000
(187 ,794):1.100000
(194 ,947):1.100000
(198 ,343):1.100000
(199 ,237):1.100000
(199 ,260):1.100000
(199 ,262):1.100000
(199 ,264):1.100000
(151 ,264):1.100000
(151 ,430):1.100000
(151 ,612):1.100000
(151 ,755):1.100000
(151 ,782):1.100000
(151 ,896):1.100000
(199 ,270):1.100000
(199 ,390):1.100000
(199 ,578):1.100000
(199 ,598):1.100000
(199 ,600):1.100000
(199 ,644):1.100000
(199 ,655):1.100000
(199 ,665):1.100000
(199 ,672):1.100000
(199 ,699):1.100000
(199 ,752):1.100000
(199 ,796):1.100000
(199 ,862):1.100000
(199 ,901):1.100000
(199 ,958):1.100000
(202 ,313):1.100000
(48 ,202):1.100000
(202 ,807):1.100000
(202 ,872):1.100000
(218 ,644):1.100000
(12 ,218):1.100000
(12 ,391):1.100000
(126 ,218):1.100000
(218 ,225):1.100000
(218 ,865):1.100000
(223 ,224):1.100000
(223 ,619):1.100000
(245 ,313):1.100000
(259 ,310):1.100000
(248 ,259):1.100000
(248 ,360):1.100000
(259 ,634):1.100000
(267 ,343):1.100000
(267 ,369):1.100000
(272 ,629):1.100000
(111 ,629):1.100000
(111 ,793):1.100000
(113 ,629):1.100000
(268 ,629):1.100000
(268 ,344):1.100000
(268 ,412):1.100000
(268 ,431):1.100000
(268 ,969):1.100000
(272 ,946):1.100000
(124 ,946):1.100000
(273 ,452):1.100000
(287 ,861):1.100000
(287 ,325):1.100000
(299 ,313):1.100000
(299 ,918):1.100000
(300 ,313):1.100000
(310 ,351):1.100000
(310 ,364):1.100000
(310 ,739):1.100000
(310 ,742):1.100000
(310 ,884):1.100000
(311 ,592):1.100000
(313 ,733):1.100000
(313 ,883):1.100000
(313 ,963):1.100000
(325 ,379):1.100000
(325 ,684):1.100000
(342 ,963):1.100000
(343 ,482):1.100000
(381 ,629):1.100000
(391 ,681):1.100000
(246 ,681):1.100000
(403 ,681):1.100000
(403 ,743):1.100000
(62 ,743):1.100000
(323 ,743):1.100000
(405 ,634):1.100000
(20 ,405):1.100000
(20 ,302):1.100000
(20 ,496):1.100000
(302 ,781):1.100000
(412 ,802):1.100000
(417 ,704):1.100000
(420 ,580):1.100000
(423 ,743):1.100000
(424 ,681):1.100000
(478 ,684):1.100000
(482 ,555):1.100000
(383 ,555):1.100000
(555 ,838):1.100000
(601 ,796):1.100000
(619 ,626):1.100000
(638 ,668):1.100000
(646 ,784):1.100000
(646 ,792):1.100000
(340 ,792):1.100000
(646 ,860):1.100000
(646 ,887):1.100000
(82 ,887):1.100000
(668 ,875):1.100000
(668 ,926):1.100000
(4 ,926):1.100000
(681 ,935):1.100000
(681 ,953):1.100000
(688 ,796):1.100000
(696 ,793):1.100000
(701 ,887):1.100000
(709 ,818):1.100000
(155 ,818):1.100000
(705 ,818):1.100000
(878 ,947):1.100000
(455 ,878):1.100000
(902 ,946):1.100000
(663 ,902):1.100000
(0 ,731):1.300000
(1 ,302):1.300000
(2 ,212):1.300000
(2 ,446):1.300000
(2 ,569):1.300000
(2 ,617):1.300000
(2 ,657):1.300000
(2 ,708):1.300000
(219 ,708):1.100000
(219 ,242):1.100000
(219 ,319):1.100000
(219 ,698):1.100000
(219 ,922):1.100000
(2 ,788):1.300000
(2 ,798):1.300000
(2 ,809):1.300000
(2 ,940):1.300000
(3 ,62):1.300000
(3 ,274):1.300000
(3 ,652):1.300000
(3 ,882):1.300000
(4 ,144):1.300000
(5 ,171):1.300000
(5 ,334):1.300000
(334 ,905):1.100000
(5 ,801):1.300000
(7 ,199):1.300000
(7 ,29):1.300000
(8 ,268):1.300000
(10 ,188):1.300000
(10 ,265):1.300000
(10 ,448):1.300000
(11 ,144):1.300000
(12 ,746):1.300000
(13 ,169):1.300000
(16 ,313):1.300000
(16 ,810):1.300000
(17 ,152):1.300000
(18 ,23):1.300000
(18 ,145):1.300000
(18 ,165):1.300000
(18 ,416):1.300000
(18 ,676):1.300000
(18 ,834):1.300000
(20 ,402):1.300000
(54 ,402):1.100000
(20 ,915):1.300000
(20 ,919):1.300000
(23 ,43):1.300000
(23 ,335):1.300000
(23 ,413):1.300000
(23 ,445):1.300000
(23 ,749):1.300000
(25 ,146):1.300000
(27 ,731):1.300000
(28 ,187):1.300000
(30 ,223):1.300000
(31 ,146):1.300000
(32 ,219):1.300000
(34 ,126):1.300000
(35 ,111):1.300000
(35 ,951):1.300000
(37 ,457):1.300000
(9 ,457):1.300000
(38 ,71):1.300000
(38 ,60):1.300000
(41 ,378):1.300000
(41 ,531):1.300000
(42 ,313):1.300000
(42 ,404):1.300000
(19 ,404):1.300000
(45 ,187):1.300000
(47 ,268):1.300000
(52 ,155):1.300000
(52 ,158):1.300000
(52 ,449):1.300000
(52 ,670):1.300000
(52 ,804):1.300000
(54 ,154):1.300000
(54 ,543):1.300000
(55 ,219):1.300000
(55 ,778):1.300000
(57 ,164):1.300000
(57 ,943):1.300000
(58 ,402):1.300000
(61 ,355):1.300000
(61 ,603):1.300000
(61 ,959):1.300000
(62 ,93):1.300000
(62 ,227):1.300000
(62 ,247):1.300000
(62 ,294):1.300000
(62 ,326):1.300000
(62 ,787):1.300000
(62 ,869):1.300000
(62 ,937):1.300000
(63 ,352):1.300000
(67 ,310):1.300000
(70 ,878):1.300000
(70 ,441):1.300000
(71 ,744):1.300000
(71 ,750):1.300000
(74 ,78):1.300000
(78 ,748):1.100000
(77 ,493):1.300000
(78 ,200):1.300000
(78 ,575):1.300000
(78 ,582):1.300000
(78 ,842):1.300000
(78 ,956):1.300000
(79 ,807):1.300000
(79 ,349):1.300000
(80 ,452):1.300000
(81 ,187):1.300000
(81 ,772):1.300000
(82 ,396):1.300000
(82 ,596):1.300000
(82 ,898):1.300000
(83 ,202):1.300000
(86 ,149):1.300000
(87 ,793):1.300000
(90 ,590):1.300000
(90 ,903):1.300000
(91 ,171):1.300000
(94 ,235):1.300000
(95 ,626):1.300000
(96 ,449):1.300000
(96 ,217):1.300000
(96 ,970):1.300000
(100 ,144):1.300000
(102 ,152):1.300000
(107 ,199):1.300000
(109 ,449):1.300000
(112 ,619):1.300000
(40 ,112):1.300000
(114 ,304):1.300000
(114 ,366):1.300000
(114 ,611):1.300000
(114 ,622):1.300000
(114 ,824):1.300000
(116 ,187):1.300000
(117 ,144):1.300000
(118 ,163):1.300000
(118 ,648):1.300000
(118 ,703):1.300000
(118 ,866):1.300000
(118 ,936):1.300000
(120 ,629):1.300000
(123 ,457):1.300000
(125 ,650):1.300000
(650 ,659):1.100000
(125 ,651):1.300000
(125 ,962):1.300000
(126 ,831):1.300000
(127 ,158):1.300000
(33 ,127):1.300000
(127 ,475):1.300000
(132 ,187):1.300000
(137 ,199):1.300000
(138 ,381):1.300000
(138 ,952):1.300000
(139 ,404):1.300000
(144 ,234):1.300000
(144 ,682):1.300000
(144 ,716):1.300000
(144 ,857):1.300000
(144 ,927):1.300000
(144 ,961):1.300000
(145 ,707):1.300000
(145 ,823):1.300000
(146 ,338):1.300000
(146 ,460):1.300000
(148 ,807):1.300000
(149 ,680):1.300000
(150 ,201):1.300000
(150 ,579):1.300000
(150 ,666):1.300000
(151 ,686):1.300000
(151 ,745):1.300000
(151 ,797):1.300000
(152 ,166):1.300000
(152 ,175):1.300000
(152 ,221):1.300000
(152 ,232):1.300000
(152 ,250):1.300000
(152 ,301):1.300000
(152 ,513):1.300000
(75 ,513):1.300000
(152 ,581):1.300000
(152 ,633):1.300000
(152 ,637):1.300000
(152 ,694):1.300000
(152 ,697):1.300000
(486 ,697):1.100000
(152 ,713):1.300000
(152 ,806):1.300000
(152 ,863):1.300000
(152 ,906):1.300000
(152 ,908):1.300000
(152 ,914):1.300000
(847 ,914):1.100000
(152 ,924):1.300000
(152 ,933):1.300000
(155 ,505):1.300000
(156 ,310):1.300000
(157 ,574):1.300000
(157 ,853):1.300000
(158 ,193):1.300000
(158 ,374):1.300000
(158 ,867):1.300000
(159 ,449):1.300000
(160 ,227):1.300000
(161 ,743):1.300000
(164 ,178):1.300000
(164 ,719):1.300000
(165 ,253):1.300000
(165 ,897):1.300000
(165 ,949):1.300000
(167 ,483):1.300000
(169 ,589):1.300000
(169 ,729):1.300000
(169 ,800):1.300000
(171 ,394):1.300000
(171 ,604):1.300000
(171 ,667):1.300000
(171 ,724):1.300000
(171 ,830):1.300000
(153 ,830):1.300000
(153 ,316):1.300000
(171 ,851):1.300000
(176 ,320):1.300000
(176 ,819):1.300000
(176 ,850):1.300000
(176 ,889):1.300000
(176 ,965):1.300000
(177 ,219):1.300000
(178 ,341):1.300000
(181 ,629):1.300000
(183 ,845):1.300000
(185 ,555):1.300000
(187 ,240):1.300000
(187 ,497):1.300000
(64 ,497):1.300000
(187 ,717):1.300000
(187 ,757):1.300000
(187 ,876):1.300000
(190 ,219):1.300000
(191 ,590):1.300000
(195 ,202):1.300000
(199 ,664):1.300000
(199 ,690):1.300000
(199 ,764):1.300000
(199 ,827):1.300000
(199 ,832):1.300000
(199 ,892):1.300000
(200 ,899):1.300000
(202 ,251):1.300000
(202 ,370):1.300000
(202 ,456):1.300000
(202 ,576):1.300000
(202 ,627):1.300000
(208 ,457):1.300000
(210 ,335):1.300000
(213 ,927):1.300000
(213 ,930):1.300000
(216 ,796):1.300000
(219 ,249):1.300000
(219 ,282):1.300000
(219 ,447):1.300000
(219 ,661):1.300000
(219 ,702):1.300000
(220 ,349):1.300000
(223 ,775):1.300000
(231 ,282):1.300000
(231 ,844):1.300000
(233 ,268):1.300000
(235 ,363):1.300000
(235 ,640):1.300000
(245 ,795):1.300000
(251 ,874):1.300000
(253 ,362):1.300000
(253 ,839):1.300000
(106 ,839):1.300000
(253 ,895):1.300000
(257 ,629):1.300000
(259 ,585):1.300000
(259 ,714):1.300000
(268 ,389):1.300000
(268 ,605):1.300000
(268 ,816):1.300000
(268 ,945):1.300000
(268 ,948):1.300000
(273 ,468):1.300000
(276 ,893):1.300000
(282 ,595):1.300000
(282 ,799):1.300000
(285 ,310):1.300000
(286 ,404):1.300000
(297 ,424):1.300000
(300 ,584):1.300000
(302 ,840):1.300000
(302 ,925):1.300000
(310 ,317):1.300000
(310 ,811):1.300000
(311 ,618):1.300000
(311 ,826):1.300000
(313 ,683):1.300000
(68 ,683):1.100000
(313 ,849):1.300000
(313 ,885):1.300000
(313 ,891):1.300000
(313 ,917):1.300000
(319 ,365):1.300000
(324 ,344):1.300000
(325 ,434):1.300000
(331 ,457):1.300000
(335 ,586):1.300000
(337 ,443):1.300000
(338 ,401):1.300000
(338 ,440):1.300000
(344 ,776):1.300000
(365 ,855):1.300000
(263 ,855):1.300000
(369 ,593):1.300000
(372 ,586):1.300000
(378 ,382):1.300000
(378 ,399):1.300000
(378 ,621):1.300000
(565 ,621):1.100000
(378 ,662):1.300000
(378 ,723):1.300000
(378 ,854):1.300000
(378 ,873):1.300000
(383 ,385):1.300000
(384 ,438):1.300000
(387 ,969):1.300000
(388 ,920):1.300000
(400 ,629):1.300000
(402 ,815):1.300000
(415 ,443):1.300000
(422 ,965):1.300000
(424 ,941):1.300000
(428 ,586):1.300000
(436 ,840):1.300000
(438 ,642):1.300000
(442 ,887):1.300000
(443 ,911):1.300000
(445 ,587):1.300000
(129 ,587):1.300000
(445 ,616):1.300000
(303 ,616):1.300000
(445 ,763):1.300000
(445 ,766):1.300000
(449 ,462):1.300000
(105 ,462):1.300000
(449 ,706):1.300000
(449 ,916):1.300000
(452 ,692):1.300000
(454 ,801):1.300000
(455 ,577):1.300000
(457 ,557):1.300000
(457 ,567):1.300000
(457 ,691):1.300000
(457 ,722):1.300000
(457 ,942):1.300000
(458 ,965):1.300000
(481 ,897):1.300000
(495 ,778):1.300000
(502 ,583):1.300000
(555 ,571):1.300000
(564 ,731):1.300000
(570 ,946):1.300000
(580 ,620):1.300000
(580 ,758):1.300000
(594 ,860):1.300000
(615 ,743):1.300000
(624 ,807):1.300000
(628 ,874):1.300000
(629 ,700):1.300000
(629 ,720):1.300000
(629 ,921):1.300000
(645 ,822):1.300000
(646 ,966):1.300000
(653 ,807):1.300000
(673 ,739):1.300000
(674 ,709):1.300000
(678 ,793):1.300000
(683 ,871):1.300000
(684 ,814):1.300000
(734 ,793):1.300000
(747 ,798):1.300000
(771 ,887):1.300000
(778 ,928):1.300000
(785 ,893):1.300000
(846 ,881):1.300000
(884 ,907):1.300000
(886 ,965):1.300000
(887 ,931):1.300000
(887 ,964):1.300000
(932 ,963):1.300000
(954 ,965):1.300000
(2 ,172):1.500000
(2 ,179):1.500000
(2 ,345):1.500000
(2 ,518):1.500000
(2 ,773):1.500000
(3 ,103):1.500000
(3 ,780):1.500000
(3 ,868):1.500000
(5 ,472):1.500000
(5 ,533):1.500000
(6 ,34):1.500000
(6 ,101):1.500000
(6 ,730):1.500000
(7 ,222):1.500000
(8 ,467):1.500000
(10 ,204):1.500000
(10 ,395):1.500000
(11 ,298):1.500000
(12 ,753):1.500000
(14 ,71):1.500000
(15 ,20):1.500000
(15 ,305):1.500000
(15 ,354):1.500000
(16 ,99):1.500000
(16 ,934):1.500000
(18 ,141):1.500000
(18 ,314):1.500000
(18 ,318):1.500000
(18 ,685):1.500000
(18 ,923):1.500000
(19 ,147):1.500000
(19 ,957):1.500000
(21 ,480):1.500000
(22 ,25):1.500000
(22 ,239):1.500000
(23 ,186):1.500000
(24 ,330):1.500000
(26 ,70):1.500000
(28 ,92):1.500000
(29 ,308):1.500000
(29 ,377):1.500000
(31 ,258):1.500000
(34 ,487):1.500000
(35 ,765):1.500000
(38 ,228):1.500000
(38 ,243):1.500000
(38 ,768):1.500000
(38 ,808):1.500000
(40 ,136):1.500000
(40 ,348):1.500000
(40 ,829):1.500000
(41 ,967):1.500000
(42 ,803):1.500000
(43 ,421):1.500000
(43 ,828):1.500000
(44 ,238):1.500000
(44 ,968):1.500000
(46 ,791):1.500000
(51 ,913):1.500000
(52 ,289):1.500000
(52 ,290):1.500000
(54 ,490):1.500000
(55 ,266):1.500000
(61 ,315):1.500000
(62 ,108):1.500000
(62 ,280):1.500000
(62 ,284):1.500000
(70 ,98):1.500000
(70 ,439):1.500000
(70 ,568):1.500000
(70 ,712):1.500000
(70 ,735):1.500000
(70 ,770):1.500000
(70 ,938):1.500000
(70 ,960):1.500000
(71 ,76):1.500000
(71 ,573):1.500000
(71 ,625):1.500000
(71 ,660):1.500000
(72 ,255):1.500000
(76 ,254):1.500000
(77 ,358):1.500000
(78 ,197):1.500000
(78 ,353):1.500000
(78 ,477):1.500000
(78 ,556):1.500000
(78 ,950):1.500000
(82 ,572):1.500000
(82 ,841):1.500000
(88 ,149):1.500000
(89 ,212):1.500000
(90 ,774):1.500000
(90 ,900):1.500000
(92 ,656):1.500000
(92 ,812):1.500000
(94 ,356):1.500000
(95 ,333):1.500000
(96 ,610):1.500000
(96 ,929):1.500000
(99 ,880):1.500000
(100 ,241):1.500000
(100 ,636):1.500000
(103 ,639):1.500000
(109 ,836):1.500000
(109 ,944):1.500000
(110 ,737):1.500000
(112 ,607):1.500000
(113 ,375):1.500000
(113 ,425):1.500000
(117 ,411):1.500000
(118 ,695):1.500000
(120 ,939):1.500000
(121 ,693):1.500000
(121 ,718):1.500000
(121 ,740):1.500000
(126 ,288):1.500000
(126 ,406):1.500000
(128 ,129):1.500000
(129 ,206):1.500000
(129 ,848):1.500000
(131 ,803):1.500000
(133 ,898):1.500000
(144 ,180):1.500000
(144 ,261):1.500000
(144 ,613):1.500000
(146 ,209):1.500000
(147 ,522):1.500000
(149 ,710):1.500000
(149 ,756):1.500000
(149 ,837):1.500000
(149 ,890):1.500000
(152 ,623):1.500000
(152 ,813):1.500000
(152 ,910):1.500000
(156 ,820):1.500000
(157 ,909):1.500000
(158 ,306):1.500000
(163 ,484):1.500000
(170 ,384):1.500000
(176 ,790):1.500000
(184 ,274):1.500000
(188 ,602):1.500000
(189 ,319):1.500000
(193 ,894):1.500000
(195 ,631):1.500000
(197 ,465):1.500000
(214 ,246):1.500000
(215 ,341):1.500000
(219 ,654):1.500000
(223 ,339):1.500000
(224 ,817):1.500000
(244 ,310):1.500000
(245 ,429):1.500000
(247 ,675):1.500000
(251 ,380):1.500000
(253 ,269):1.500000
(255 ,671):1.500000
(257 ,271):1.500000
(259 ,725):1.500000
(274 ,408):1.500000
(280 ,630):1.500000
(287 ,393):1.500000
(296 ,587):1.500000
(322 ,668):1.500000
(338 ,687):1.500000
(365 ,647):1.500000
(379 ,789):1.500000
(400 ,504):1.500000
(422 ,566):1.500000
(425 ,833):1.500000
(426 ,830):1.500000
(457 ,786):1.500000
(569 ,835):1.500000
(577 ,754):1.500000
(728 ,832):1.500000
(3 ,852):1.700000
(9 ,321):1.700000
(9 ,521):1.700000
(40 ,516):1.700000
(46 ,295):1.700000
(55 ,291):1.700000
(65 ,253):1.700000
(66 ,513):1.700000
(99 ,489):1.700000
(105 ,488):1.700000
(135 ,184):1.700000
(216 ,643):1.700000
(226 ,929):1.700000
(422 ,591):1.700000
(0 ,130):1.900000
(0 ,373):1.900000
(0 ,397):1.900000
(0 ,398):1.900000
(0 ,451):1.900000
(0 ,741):1.900000
(0 ,904):1.900000
(1 ,59):1.900000
(1 ,143):1.900000
(1 ,196):1.900000
(1 ,279):1.900000
(1 ,410):1.900000
(1 ,479):1.900000
(2 ,115):1.900000
(2 ,419):1.900000
(2 ,512):1.900000
(2 ,641):1.900000
(3 ,597):1.900000
(3 ,689):1.900000
(3 ,955):1.900000
(4 ,252):1.900000
(4 ,376):1.900000
(4 ,418):1.900000
(4 ,463):1.900000
(4 ,599):1.900000
(4 ,715):1.900000
(5 ,140):1.900000
(5 ,346):1.900000
(6 ,466):1.900000
(6 ,536):1.900000
(7 ,281):1.900000
(7 ,517):1.900000
(7 ,537):1.900000
(8 ,471):1.900000
(8 ,474):1.900000
(8 ,485):1.900000
(8 ,507):1.900000
(8 ,879):1.900000
(9 ,84):1.900000
(10 ,347):1.900000
(10 ,357):1.900000
(10 ,414):1.900000
(10 ,461):1.900000
(10 ,529):1.900000
(11 ,275):1.900000
(16 ,494):1.900000
(19 ,277):1.900000
(21 ,192):1.900000
(25 ,36):1.900000
(32 ,437):1.900000
(38 ,514):1.900000
(40 ,511):1.900000
(41 ,608):1.900000
(45 ,510):1.900000
(66 ,367):1.900000
(98 ,635):1.900000
(99 ,508):1.900000
(328 ,689):1.900000
(339 ,759):1.900000
(465 ,523):1.900000
(503 ,595):1.900000
(891 ,912):1.900000
