Vertex Number of Tree:1893
1 1 -159.579830 161.090560
2 2 -61.704680 -156.669600
9 3 487.837740 293.977260
21 30 38.278230 469.253080
22 32 -177.183650 165.373640
33 36 197.607570 -169.535170
34 42 168.400000 58.314556
3 44 -144.168300 204.565540
19 101 -392.299400 280.097320
24 123 -335.293730 439.283900
30 132 -486.296260 -217.418810
35 135 -226.486760 14.160687
36 146 122.517670 -442.648320
38 159 130.005280 -254.601500
41 161 145.456090 -474.980800
42 211 -351.674800 -21.364918
43 255 -302.425080 -228.290730
46 281 -356.899260 138.811510
49 302 -116.244170 150.841420
50 312 -241.983580 61.970318
53 323 228.160370 464.583040
54 397 -272.483500 -379.267270
57 477 -241.149110 -333.096900
59 652 -298.106350 -226.631240
61 856 -33.395813 -211.060960
64 1014 -461.129760 315.786830
68 1271 45.418365 -422.568420
69 1312 418.881000 296.435400
70 1440 -208.059080 158.268420
72 1626 376.615700 266.020720
73 1655 292.022550 389.718400
74 1675 -142.015380 277.112100
75 1779 54.827423 -46.273090
76 1790 209.518520 -176.883680
78 4 -431.592620 -351.318540
80 9 86.318390 -288.229340
81 26 345.374050 -206.653730
82 27 125.020780 205.215260
83 41 403.279750 129.203110
89 51 -130.153600 -373.129240
90 58 -218.455900 117.225204
94 60 -137.348970 34.761760
95 62 135.239780 65.150070
96 68 11.999662 491.588960
97 72 -334.221300 92.605330
98 83 -158.363920 -76.230545
101 84 -350.485930 -456.017760
102 88 -14.678011 -445.174560
103 99 -392.497070 92.738880
105 105 342.870640 422.919340
107 144 -276.851350 445.855620
108 155 -358.697500 -452.005900
109 172 459.169600 253.453660
111 173 -244.598880 -99.106064
114 176 451.317840 -443.873750
115 180 33.549713 445.002960
117 185 -336.503170 -138.677350
119 194 47.579742 170.355030
121 199 477.404630 -269.838400
125 221 -360.535060 220.830370
126 224 -140.444340 -422.656650
127 234 -126.954380 -73.029740
128 242 -0.490450 239.364730
129 243 -484.430200 -199.896200
130 249 -154.635860 -249.966020
131 252 -28.311586 317.895720
132 257 -223.956090 -322.681180
133 283 171.645170 -362.912320
134 285 244.643950 321.852080
137 288 -224.248840 206.120160
138 308 -396.935940 54.956830
140 317 198.837310 -381.514470
141 333 475.395970 82.842575
142 338 381.228900 -52.922810
144 346 -13.997927 -36.336050
146 371 -63.112457 230.463790
147 372 -132.049320 275.420620
148 374 294.718480 -256.068180
149 385 -21.549807 -64.782030
150 394 -284.358460 181.302900
152 408 30.150175 -195.803850
153 415 -384.123440 -102.052140
154 475 410.654400 377.474330
155 482 455.994960 -78.917950
157 487 -192.682280 -445.253600
158 488 -434.358430 -479.658400
160 495 -19.626009 -285.297400
163 498 -334.568900 -250.196090
164 504 434.671050 -424.757900
165 509 -479.623500 -477.970860
166 545 -71.237366 -388.521030
167 555 113.307340 455.365570
168 569 -270.164100 124.833970
169 582 -37.912262 -52.327442
170 590 273.928380 409.043430
171 610 -278.954070 -327.217930
172 611 423.115750 -157.294050
173 615 4.877287 -29.568134
177 618 -175.172580 153.025620
179 640 452.386500 406.068080
180 641 -26.825747 -458.299070
181 645 407.783970 113.828900
182 681 448.149080 -158.553240
183 687 238.855010 404.185270
185 697 465.786650 380.425630
186 700 234.170070 -482.871100
187 701 310.847560 -228.095690
188 711 225.607210 332.460360
190 731 443.315770 417.740630
191 740 -432.190400 310.646880
5 741 70.976840 116.843980
20 752 -127.199190 -69.119340
37 754 -237.429900 -196.457840
45 768 -54.165497 417.384200
84 778 239.485200 105.827320
175 781 -302.345400 -399.326500
228 782 -171.301060 109.741070
244 790 418.695100 347.402070
287 794 185.625640 443.699500
305 800 -307.650630 110.575485
321 810 -197.218540 -444.653400
364 814 397.290740 -198.661970
365 823 -491.362400 -156.435200
407 824 -297.072500 364.197970
425 840 -369.233860 129.559680
431 846 -302.572660 149.472150
519 865 -251.642330 -196.525040
521 881 304.347320 419.894800
542 893 -8.583803 -133.216720
543 928 441.757600 102.748276
548 933 -342.585540 5.737408
563 970 -43.151550 204.539290
564 1042 -489.082100 -222.545060
616 1103 -270.639200 142.157210
617 1110 -492.336060 -32.250600
618 1113 478.784580 -387.384900
619 1117 -158.192500 188.609050
621 1127 233.117280 -477.111720
622 1154 153.522310 -176.735700
623 1167 121.079680 -67.970290
634 1180 453.873380 498.073580
635 1183 135.035370 -80.345080
640 1185 -175.148440 362.996060
642 1187 -221.536200 -211.946030
643 1189 234.689730 -403.790900
646 1190 59.685820 29.600811
649 1192 -127.945220 -286.531620
654 1196 122.645420 46.796307
660 1208 247.437350 459.094820
663 1231 -84.099820 -300.806980
664 1237 -63.962830 283.015050
665 1249 -307.424470 369.616360
667 1262 243.668800 -332.931030
669 1270 -193.109770 391.508150
671 1281 265.689000 -146.163040
672 1285 226.960600 359.885160
674 1288 -221.326720 -147.470140
675 1315 418.943500 60.317608
676 1317 155.546600 -50.977253
677 1335 -225.819890 493.497220
678 1340 27.098051 330.902500
679 1343 -451.148070 -252.621320
683 1344 -273.711670 -146.560930
684 1349 364.765350 274.541960
685 1352 -353.517430 418.678740
686 1371 -319.770450 469.337430
687 1373 -479.279330 -82.603226
6 1412 281.595430 307.539640
48 1415 286.360930 192.436260
52 1419 -231.124080 210.649460
200 1461 -362.088350 21.999004
222 1463 212.966580 227.648670
263 1501 -409.409760 -307.257500
264 1510 -352.659270 88.925095
267 1565 378.127470 335.077900
278 1577 -176.308560 -319.749800
293 1578 -209.440430 -173.149490
332 1585 -291.153300 9.105267
443 1609 -378.771550 -263.374050
462 1620 -470.615400 -208.683360
512 1649 236.936860 474.092200
600 1662 -219.273350 372.873930
627 1711 411.180820 -457.372130
698 1713 -490.909880 -180.030140
700 1728 467.609770 -452.124180
702 1738 347.530430 -340.286160
707 1748 469.340360 406.200100
712 1751 241.407380 -65.364180
718 1784 -340.523600 18.193707
720 1793 -466.040650 -53.988667
721 1795 -390.835360 -475.056640
722 1807 99.272550 304.201450
723 5 -438.257630 148.546430
727 6 -492.217200 -321.382870
728 7 275.009000 -466.585140
729 48 -211.450070 -54.419666
7 73 258.380770 451.189420
63 90 212.894500 269.268400
113 122 -322.335820 -290.373470
118 124 -334.408300 19.093243
215 201 357.410550 114.609480
337 212 -407.336100 326.279330
348 278 249.290010 374.475200
373 299 218.920380 -486.929900
406 325 454.650420 -92.864610
411 335 -286.260770 -410.094270
574 343 390.403050 -386.988600
587 376 250.191680 -490.921050
610 378 -30.396334 -189.409040
638 404 450.458700 -112.209490
738 413 -268.426700 -303.547420
778 422 -460.407380 469.189120
784 439 -298.868930 -112.104690
794 472 -359.974270 -323.104460
797 479 382.486660 -166.152880
799 481 30.833036 236.673810
807 515 -299.432860 138.517380
808 540 -131.395660 -11.672993
812 566 -108.970430 132.295820
816 578 -179.115510 -308.440580
820 591 309.936860 345.690520
821 597 298.491670 -158.540080
823 603 -114.948300 -105.363510
824 636 489.624730 252.426860
826 642 462.928680 169.294050
827 686 196.523040 443.767850
828 712 -380.536870 -366.501700
830 753 -445.457200 -334.128170
831 833 -403.720180 -11.693440
835 1020 73.866360 -257.234560
838 1174 -98.677670 430.631870
839 8 85.661650 -224.970140
843 19 -230.769130 246.739490
844 23 -402.638180 146.467510
846 164 115.571014 -479.578370
848 250 -234.165680 208.572680
851 254 -161.294860 306.955170
852 349 -317.436520 478.774080
854 395 324.072170 226.486560
858 403 -68.430664 181.581900
860 430 -212.130310 64.276230
8 557 428.638340 486.184660
27 624 -339.392000 -369.724760
40 644 379.543120 -150.293350
47 771 -444.266570 -173.206400
145 834 -194.720030 462.250150
255 1000 494.492770 -399.437530
326 1238 -26.046175 -91.989300
471 1522 -34.560303 214.277510
520 1756 251.792570 -193.832440
699 1799 85.458466 62.752300
719 10 339.874180 375.916300
863 11 -401.091550 80.099470
864 12 -401.498870 -418.076230
867 14 -297.531830 -363.105260
873 15 177.758820 -240.350020
874 16 -284.514900 -289.929530
876 17 -29.354647 394.395480
880 18 429.113980 23.322186
881 20 -15.736940 33.597454
882 22 -437.748260 -197.898000
39 24 -415.088040 148.810350
217 34 128.255890 -235.188430
1075 40 214.528410 131.973070
11 49 -326.342680 -19.404102
282 52 -401.237150 -490.023560
445 56 288.557340 264.178740
16 61 171.092200 -107.789140
295 64 8.123014 -150.530290
298 67 422.714800 127.686325
509 76 -274.425870 186.211170
517 78 154.576390 -358.517240
639 86 19.278654 -162.276570
1064 97 155.727140 -55.298878
1230 109 360.052900 -377.154880
1285 120 -338.687040 -132.249440
1286 121 9.487089 341.454000
18 127 53.853302 153.721660
66 136 -453.904880 -349.505680
408 142 -336.938630 -333.242300
77 148 363.312230 -83.776110
123 149 192.313260 -380.247100
446 150 -328.156830 158.434800
447 151 253.974400 -93.632310
631 152 -491.412930 -476.310460
766 153 -268.857640 -165.732500
912 154 5.344756 77.153980
1396 157 199.968960 299.654400
1397 165 -297.261700 86.397200
58 175 444.572780 -282.425320
62 177 8.251432 385.568700
104 190 175.657930 -171.848680
239 209 -7.976564 -145.349780
270 216 424.304720 -164.198560
274 233 -409.991550 -473.980000
280 235 -276.000700 206.666060
586 244 -58.663330 339.356840
599 251 116.822720 -151.108720
910 256 25.190947 105.948840
958 260 223.818630 331.065160
1002 262 -17.760103 -185.238140
1005 282 104.913420 256.027860
1079 294 -493.356400 15.161297
1177 295 400.361540 -99.562420
1349 311 476.875340 -355.029330
1428 313 293.541840 -245.111470
1429 314 -442.919950 337.587860
1432 315 164.032200 -344.959440
1436 316 -154.584810 -61.829030
87 318 410.240880 -218.864700
203 330 -228.202450 -313.556500
266 358 -187.525970 -78.563400
356 366 354.705660 282.457800
515 368 -19.827670 44.548380
533 386 -384.836100 -158.304760
544 389 -118.851135 406.225680
689 391 415.760960 -432.830100
692 405 186.013640 128.209580
695 409 243.532560 -181.257100
976 411 177.571140 429.780800
1160 460 487.763460 143.641590
1313 463 272.828220 467.140530
1376 465 -422.757840 -252.780620
1624 466 -215.647060 41.391216
25 502 -63.773468 -170.721940
92 514 408.074250 272.803560
195 527 94.356660 188.817000
199 528 66.216220 -292.778350
336 543 442.976400 -491.140750
28 561 156.909760 219.869980
29 596 68.802890 -226.953960
1400 598 -33.871002 -487.508120
1822 601 -184.391020 336.979340
1823 607 -17.051516 -38.337147
31 617 225.560700 279.831200
1387 626 125.720730 69.284350
32 638 294.077850 -204.472550
201 654 434.624300 -209.319140
1420 658 35.563080 -452.146700
88 679 -384.865720 -428.615200
110 683 -297.929600 110.116196
143 699 -72.680630 10.607952
214 708 122.961820 -162.458540
224 713 307.469700 -312.436250
226 724 40.826874 -220.635670
252 766 281.413060 -163.782910
253 783 -492.584900 -472.377620
256 784 182.977080 234.703350
257 788 373.060760 220.939500
258 798 426.407320 -112.427444
259 802 -345.946750 274.133450
260 835 98.153470 -177.822890
262 844 94.634310 -211.732440
265 847 -68.715150 -405.061680
269 859 -446.220670 10.804852
272 862 -195.098360 -91.111890
273 899 -58.352570 -338.185270
276 901 271.256620 80.798080
277 938 306.559970 419.718100
279 977 254.905490 -35.627644
281 978 330.595250 368.848720
283 994 -8.945040 335.393040
284 997 -69.636600 -248.853740
285 1039 474.379300 -324.626800
286 1050 -120.749390 -64.415085
288 1062 174.927830 -247.815350
289 1118 368.400970 121.482956
292 1121 -455.653300 389.293180
294 1132 205.928010 -74.375720
297 1169 -116.508640 339.647200
301 1181 -82.672610 -331.834350
303 1188 471.605620 235.929670
308 1191 354.785250 -131.410960
311 1197 467.596650 175.797960
315 1198 -450.942320 190.500170
322 1206 -14.464235 -381.099760
325 1255 444.818820 -167.137900
328 1261 -80.633420 -78.130295
330 1265 -151.144710 155.291850
331 1279 -454.095860 18.164532
338 1280 390.209200 146.337200
339 1308 -329.440520 461.532870
342 1313 -457.651250 196.190600
345 1323 96.825960 295.048300
350 1332 -210.326930 -480.915100
353 1338 498.415860 -17.926380
354 1342 -165.867070 485.655360
355 1346 352.036040 -58.823597
358 1380 332.477400 71.842026
360 1387 449.144200 63.932780
361 1401 30.610685 -391.555730
362 1402 -353.372000 -37.279774
363 1420 318.772980 24.229595
368 1423 -60.798157 -404.985960
372 1434 169.731900 -184.462750
374 1444 -359.583650 341.367100
384 1445 141.902620 46.606182
385 1450 444.528170 -423.834560
387 1451 -369.714720 -212.603230
389 1452 408.079200 263.416530
396 1453 -169.658940 -470.537050
397 1467 437.885100 134.242050
398 1489 -56.600067 285.473420
400 1521 -298.763900 -441.590000
401 1545 -3.077761 274.266080
403 1558 484.462130 309.155180
409 1573 278.912700 320.862150
410 1580 417.619000 38.701702
414 1618 -206.989600 359.653530
415 1621 -344.098600 431.314850
417 1622 329.257230 -280.984040
419 1624 -437.509000 -318.626070
422 1637 -284.728550 186.891890
423 1640 -327.100000 155.871200
424 1641 -436.468540 209.422410
426 1642 237.470610 -156.093430
427 1643 362.700530 -41.500140
428 1644 436.544600 470.162140
430 1646 74.399506 419.150300
433 1647 441.916300 -44.996113
434 1648 491.562350 93.944140
435 1650 -141.464390 240.772080
210 1651 490.484280 399.172150
579 1652 -277.971040 371.987030
584 1682 -34.099823 336.314800
594 1701 150.456570 116.609116
207 1706 -323.093050 -437.631440
213 1719 -47.172363 346.157680
216 1731 451.269930 -446.114230
219 1742 -17.754763 -145.593400
225 1749 196.630040 162.120960
268 1752 -211.845100 287.538730
299 1753 -50.644196 490.466460
317 1759 170.022610 383.055020
347 1760 -244.740660 -309.600600
375 1763 -436.131380 -229.600880
440 1781 -478.876600 -31.548450
442 1839 -196.563720 173.171000
461 1258 101.962310 -175.749280
480 13 -310.624360 -29.031605
501 66 -203.833310 298.474700
507 80 -27.326326 -271.691220
523 81 109.157810 -200.405930
534 96 -187.335750 478.747280
609 103 115.904880 -100.427536
626 118 -494.697360 264.221950
630 128 3.634184 341.229900
658 140 293.991360 -327.178900
733 143 408.286100 383.764620
740 168 373.094450 -107.419970
741 297 -28.247622 -472.031620
744 300 -226.619350 104.581710
745 319 141.653170 -391.042450
746 355 -321.014000 -124.453230
747 360 -388.611180 221.783980
750 392 -132.911770 -421.735930
751 398 -44.571260 454.076080
752 402 384.337860 -232.372820
753 480 -46.723724 -60.098377
755 513 278.191380 -129.295400
758 536 -184.725160 320.331200
759 547 186.643400 -488.811650
760 586 24.396940 298.721950
764 588 -143.542390 281.726400
768 593 -209.615420 -387.471100
769 599 207.846100 -197.938890
779 605 176.086030 408.490800
780 609 392.649440 456.558560
781 634 -199.439270 -295.673070
783 689 403.421170 291.628080
786 719 -350.499970 -152.380570
787 757 182.421540 171.695300
788 758 -69.261320 141.345380
790 817 -147.622710 441.805570
792 825 101.108000 95.562120
793 830 -355.033800 25.600994
323 857 160.609160 86.037580
518 868 338.335100 99.323780
632 926 60.860138 -446.842770
897 969 -468.435850 225.668320
898 974 -393.002470 258.227800
899 984 -118.161130 105.713550
232 986 -454.308700 -470.662320
552 991 -490.804200 -87.165540
717 998 -373.344600 -124.778550
238 1068 134.056730 -490.595830
334 1080 301.015530 -176.882640
615 1102 154.369960 -284.737640
628 1106 377.121430 345.393700
948 1138 -207.972900 196.339890
949 1153 392.866730 -220.240400
950 1214 -357.673500 472.493620
953 1246 -316.693020 -280.835080
44 1252 445.606000 5.520062
12 1284 123.343230 -49.965780
196 1286 -333.232030 321.478240
736 1297 307.463300 151.265730
815 1379 -483.727140 -354.129600
1001 1406 492.011870 -268.530900
762 1433 375.278050 -414.111700
306 1485 -29.814120 -121.798630
314 1493 197.950160 -19.148975
352 1520 -324.072850 -379.497470
926 1639 355.581820 160.121870
1037 1808 -279.886500 464.819000
636 1831 -440.006400 497.207060
1073 65 250.923130 -45.557026
85 82 -42.195100 329.402500
100 85 -500.023680 323.885960
122 111 222.508880 24.269146
198 114 126.832855 272.141630
218 134 487.886930 217.381700
223 139 6.651274 -237.415850
227 158 264.151460 20.209210
233 215 419.292940 -327.714450
236 220 57.306427 302.650000
243 265 192.879300 59.827190
307 331 272.565580 -8.341785
340 353 -269.211640 -201.784320
341 365 124.272980 -304.437470
394 396 8.302092 328.306850
421 410 -302.381800 -136.908310
429 419 -436.405730 328.177460
444 420 11.542692 116.786420
473 434 227.473180 165.174360
486 443 -82.414795 362.389920
488 446 -162.728580 99.910140
490 447 -63.986420 -231.024920
491 451 462.501250 345.263460
539 478 -321.554720 -261.021600
547 512 -266.629460 248.479970
551 519 335.257000 -457.023250
553 525 -292.019620 60.761210
641 538 -183.562130 380.955470
652 583 340.002900 -13.735004
653 639 -473.858700 249.982350
666 764 15.864164 461.232760
670 806 424.041530 147.612720
709 874 -181.067570 -96.003710
805 886 -19.295840 -178.979970
811 924 147.940580 497.906220
822 957 -130.470800 483.754550
957 1015 67.846405 -78.236530
967 1016 -245.570500 -334.798070
1010 1026 303.562230 326.124420
1011 1046 330.256000 -367.776100
1022 1069 100.460480 268.888760
1026 1072 -147.914370 -371.870330
1070 1078 270.290130 -230.131180
1085 1098 -250.163360 -488.960750
1087 1099 -382.885740 121.577740
1109 1130 -433.719570 241.864790
1110 1131 -404.894400 -397.736800
1111 1133 379.367650 71.549790
1112 1207 488.514200 -222.747880
1114 1221 73.890350 207.870290
1116 1260 -376.152440 -354.038180
1117 1299 312.851960 204.015240
1118 1390 125.279450 494.470370
1119 1430 -174.480900 304.329860
1121 1435 -493.468440 -52.670246
1122 1483 -323.019130 -492.984220
1123 1505 -44.052612 377.343600
1124 1645 -486.857800 159.250530
1125 1664 -483.794530 -471.679600
1126 1715 385.430330 487.098970
1127 1803 486.094450 -66.647934
1128 1806 -348.905900 -419.244500
1129 1882 278.999900 469.957500
1130 21 -382.172200 5.069928
1132 275 -338.770480 183.468610
1133 25 55.553436 385.972800
1134 53 -236.971530 331.327000
1135 63 433.545380 35.330670
1136 462 -493.884700 453.496000
1137 1033 -242.316160 -80.073230
1139 1176 123.793915 157.985700
1140 1383 180.476290 54.674664
1141 28 263.173800 225.523180
1142 87 135.584630 -294.161830
1143 184 -246.242220 -416.307340
1144 271 -391.049650 -373.055940
1148 342 -497.366880 -321.591920
1152 406 300.209930 -81.761030
1154 414 133.727870 -220.630810
51 456 -149.055330 -0.045856
211 620 -72.929140 -203.807820
234 949 20.410612 -379.691380
300 953 333.721650 253.194690
714 967 -325.253800 -218.907580
774 995 -156.989170 173.353560
1029 996 -277.743870 -43.162342
1038 1009 260.960600 -244.256400
1077 1031 -324.777770 7.998456
1187 1079 -477.770720 -104.195600
1188 1158 347.792820 -255.775090
1189 1162 2.652251 -205.929700
1190 1220 309.854950 180.730270
1191 1283 -74.573210 126.539840
1193 1425 108.393830 148.914840
1195 1472 -138.784090 -491.352300
1198 1598 -59.303528 71.823780
1199 1686 -489.077900 274.843230
1200 1876 417.858000 395.680760
1201 29 -70.391174 -82.933270
1205 657 292.400300 380.651900
1207 850 101.024320 -122.044300
86 1136 -459.586330 -302.838900
536 1248 304.408300 -221.598620
1028 1302 -13.513887 -451.511200
1219 1394 28.739408 -425.885800
1220 1540 -261.217100 -153.946520
1221 1587 284.306920 -417.852500
1222 31 61.993500 300.686130
55 162 37.467680 -204.133380
56 33 -42.536316 161.374620
60 59 151.675810 415.639920
204 77 -357.319100 -267.632600
290 125 -343.652250 62.568096
291 130 326.385220 -269.809330
309 174 384.854030 -286.144870
452 179 160.926540 4.046673
453 198 23.904264 0.966320
734 219 20.093230 136.225750
796 237 398.818450 145.505110
896 263 -201.512970 -36.422350
914 291 382.654880 472.781040
955 375 257.621120 116.753280
1041 377 161.891570 139.329640
1224 379 54.270416 260.839750
1225 393 -282.667050 438.184720
1226 429 478.203640 -160.821700
1227 474 286.143340 -195.508290
1228 494 -400.720640 -228.432940
1229 518 259.381930 434.090240
1231 523 -22.011171 -261.285130
1233 546 439.142730 248.983870
1235 632 -171.119110 396.726960
1237 673 -169.621300 -203.847980
275 698 -457.095120 108.566940
711 704 174.715970 -450.049200
237 773 -227.440430 -446.146120
327 780 247.040620 3.386456
466 792 -137.161870 -115.982895
485 799 -469.632970 -120.165360
625 815 271.309300 -73.254776
757 818 260.473600 -225.681080
802 940 -237.721770 311.830840
1004 983 -10.982515 -457.750640
1039 1005 -417.179230 289.925020
1065 1021 -247.682460 -206.437820
1089 1034 -467.413200 446.381500
1105 1036 -347.279200 -78.509660
1252 1053 -175.379460 474.282320
1255 1081 160.444000 197.733570
1256 1093 -98.954100 -336.096620
1259 1211 -273.991400 -400.414370
1260 1217 -84.681915 -209.710160
1261 1227 356.864530 199.616620
1262 1232 421.842740 -363.722440
1263 1234 -343.475950 144.794720
304 1336 -75.883150 475.209260
388 1372 450.503750 479.473900
1080 1385 324.146150 455.758640
1266 1386 -469.400540 325.461330
1267 1395 -11.254152 -19.309680
1269 1403 237.495090 222.416670
1270 1488 102.432465 -147.953080
1273 1497 -428.566380 -246.873120
1092 1518 211.967860 167.168320
573 1519 271.654140 -69.262470
739 1543 384.215120 -306.886500
894 1546 -162.474120 208.809740
529 1657 196.820650 -278.532230
624 1665 -222.212890 390.113920
715 1683 -139.663790 211.183820
1310 1689 469.022430 156.357770
1074 1692 130.747160 364.017800
65 1710 -119.510500 418.586150
209 1785 312.974700 -354.713650
481 1789 79.631870 196.779890
560 1791 -421.228880 -337.914760
590 1809 -128.907960 277.218480
602 1829 26.528593 241.772140
673 1838 141.765230 467.462430
785 1856 395.874600 -484.567260
795 1857 485.409640 -128.652020
847 1878 116.526700 -195.787890
850 35 462.558200 240.177660
905 108 418.733250 -369.193330
1017 189 414.950040 121.328476
1043 324 -438.273650 234.078050
1091 351 98.430145 221.789110
1147 592 -153.034400 -448.337740
1314 707 -475.761930 131.675100
1315 761 -25.446535 -246.386800
1317 843 305.837550 311.562300
1318 37 474.052900 59.531963
1321 50 496.911700 37.516094
1323 55 395.041400 -247.700450
1324 75 375.877170 -181.015910
1325 89 178.085850 13.442547
1327 93 -116.753296 -342.742160
1328 104 -356.575700 448.327000
392 110 450.395720 395.999900
460 112 332.493620 -56.211475
810 113 -228.234470 330.369780
1332 119 16.541288 -193.528120
67 129 -332.737760 187.572980
492 133 46.912933 -32.933370
829 147 -442.413150 -430.805000
1337 156 363.208650 403.789640
1339 214 232.458950 -45.527270
495 222 398.351530 -162.120990
1378 236 -469.827700 403.692960
1380 259 -176.285310 184.529340
1381 296 266.647860 172.198530
71 361 62.803986 204.610210
13 400 253.126250 -451.979430
903 401 -231.404900 295.675500
921 428 -476.132170 359.944730
26 511 7.475554 385.185100
230 614 -41.294860 -232.141680
694 625 -278.156040 444.523300
545 770 330.020050 143.514020
1068 779 153.769440 229.313580
1096 828 429.692540 77.386460
1097 879 303.717000 469.693880
1098 985 338.796970 -193.916210
1408 1059 171.195100 -116.372025
1409 1269 91.296110 -355.180820
557 38 478.283780 66.996260
1416 39 -47.288666 330.733730
1158 94 -187.646850 -473.879760
366 270 285.722930 -464.598330
1066 437 -359.116000 -138.459060
79 464 -493.118350 188.639450
197 43 449.152800 386.284450
319 166 -47.910980 -329.223240
454 167 330.645720 267.512800
458 169 -436.769800 376.838900
782 183 -279.581150 -382.628750
1472 186 184.320040 -366.372220
1473 188 -396.779940 -172.991380
886 192 -87.250060 459.477800
875 223 451.044040 -162.839980
402 248 389.698460 196.503280
437 277 348.889680 -30.654072
500 280 133.496550 -383.559480
1311 380 252.842740 403.655980
1456 381 20.714262 -296.269740
1510 382 91.207550 382.249300
865 383 -198.038360 -46.728016
1072 407 467.263100 -257.882600
23 452 102.874970 -314.677950
202 473 51.320830 436.320280
464 503 -294.516300 -423.702060
581 529 360.112520 289.819600
613 541 31.131742 331.786770
637 542 -486.862120 354.197300
645 567 -346.646970 186.848860
1335 595 -271.545350 -125.037704
1540 616 357.576800 -291.256620
1007 743 -225.506680 65.811570
1410 746 -265.733640 198.494060
343 769 329.832060 -403.874050
451 805 -456.930400 -159.749220
801 811 219.467990 -58.854176
1545 863 117.788300 -368.807430
1546 913 -206.027560 -481.315800
918 919 -104.552550 39.756634
748 943 297.020100 -158.098460
993 975 -252.525000 286.266500
1157 1018 -72.866610 -245.422590
1457 1029 166.976410 117.572250
91 1040 441.083470 183.480940
1356 1041 -476.683070 -43.896230
1402 1043 -430.756560 -258.145300
1427 1056 -466.300170 343.779020
310 1111 217.289150 -51.309560
540 1142 -178.843500 -327.504600
889 1163 413.993870 -209.609510
916 1182 -70.660520 295.474150
1031 1215 231.467500 -155.428600
1090 1236 446.737400 247.515300
1290 1253 452.038970 210.181020
1401 1339 -43.593445 -32.739918
1585 1542 -414.914600 43.764570
93 1554 372.041000 -389.153140
1278 1589 -52.539764 -411.371770
378 1681 -152.821720 -226.114550
569 1745 -87.223480 201.814620
726 1828 -148.432860 -302.535860
904 69 107.651276 33.216410
1591 163 197.196440 323.942780
1592 306 287.119660 -308.179350
1593 339 -233.785220 -110.426770
535 344 -143.221250 445.988300
1086 445 443.944180 93.529890
633 483 -474.178070 247.839280
1355 548 292.418850 266.719640
1606 573 372.977080 146.226610
99 600 313.357270 378.780730
329 669 -313.536700 458.446440
1589 716 244.200040 167.969350
351 726 299.431500 407.747530
448 738 -293.173830 156.171800
1055 767 -216.042200 -198.136060
1521 801 -314.216980 -179.932170
151 831 -210.492920 -272.787660
194 852 -248.655120 -270.488430
459 922 15.889189 164.057420
467 942 -337.559900 35.485090
697 950 -203.920900 -110.136980
791 952 -14.536806 292.517300
954 955 30.875273 31.211712
1168 961 147.216220 234.252060
1258 964 265.221530 149.088670
1368 1049 -96.301605 -214.112990
605 1091 25.119291 -202.010210
884 1097 -448.808650 293.494230
959 1129 144.409450 86.228870
1474 1139 332.062530 -322.227630
1529 1161 -297.697080 -117.018295
1641 1224 394.936740 -21.429860
1642 1226 365.392300 -32.980244
106 1229 357.361800 -453.441530
693 1266 381.978060 -407.250200
112 1294 -11.178560 -40.280660
891 1307 211.893100 -338.910220
124 1309 -217.075740 -405.142970
212 1325 -208.386570 -74.123764
1296 1329 219.825160 -331.872650
1610 1334 -267.708650 440.910680
116 1337 333.411650 473.619480
840 1354 327.452120 -241.580760
1103 1355 -207.486420 495.313200
1666 1356 107.444370 226.610580
1674 1357 81.372470 45.275494
1675 1365 -180.663450 102.184430
763 1381 -478.167600 89.745960
120 1414 133.804780 93.054920
1372 1418 -181.808750 -35.195910
386 1428 84.656710 377.217200
393 1477 -474.622960 -245.403610
890 1482 231.989040 105.601850
1113 1487 342.092130 207.642870
1461 1506 -193.421660 -110.077590
205 1507 412.793000 200.530620
1247 1509 -359.045900 -199.061690
1696 1512 -114.149230 -76.658220
1704 1526 -478.292540 -41.781880
943 1534 -180.035800 157.450910
1009 1559 -292.061680 -120.597610
772 1561 156.872770 243.868090
1366 1579 -247.653530 375.129000
1723 1582 -114.354770 -400.909180
449 1597 434.322780 -74.800580
516 1690 -287.706150 -74.531720
973 1691 -431.500500 152.226000
1179 1724 -481.806580 -415.629550
1750 1744 -312.431000 220.917040
972 45 -358.242000 -47.006916
1664 46 114.782135 -265.681550
135 74 -449.942570 -30.581532
136 79 -260.610170 -27.254139
316 92 -219.469540 485.592740
468 95 -112.607970 126.804980
555 102 127.678500 494.166530
1471 116 40.309600 -487.188140
1583 117 -74.398710 -227.312240
1670 141 -203.702360 -372.910980
1706 226 -65.539610 -2.577167
1759 228 390.769130 295.027070
208 290 -222.564240 -80.878460
1036 373 297.799300 101.466050
10 432 94.464386 -235.668930
161 1669 -81.066800 -249.135570
731 1800 -419.971680 -371.597930
1050 1846 132.621000 -1.112262
1212 1850 -145.514070 260.120760
1277 1851 -474.644800 321.463170
1405 1852 -318.084440 302.937650
1762 1866 454.687960 -456.989900
139 47 392.168670 -245.944720
951 274 -295.343660 232.471180
1449 621 490.805400 130.173690
1770 721 385.746120 -206.068370
1771 762 347.812160 -412.516050
484 1184 -95.624790 -171.969770
1681 755 -455.522250 33.536785
1775 1100 280.980800 -478.972780
1776 1496 -72.469880 89.904590
357 1616 -168.856020 -469.689300
598 70 -329.386020 -382.908000
833 267 240.789520 78.285140
888 476 -324.585480 396.942000
945 489 364.347380 -258.998260
989 530 458.210100 482.819800
1078 553 -346.133580 -276.447850
1736 1436 262.362700 -325.849980
248 1775 -12.578951 251.163310
470 309 -486.768370 -450.581270
651 328 -193.246580 73.093796
773 357 -110.776825 -499.458200
1246 497 -103.054810 -24.153645
1477 646 221.164340 251.540820
1779 749 -154.984710 -367.123930
1780 966 151.916350 415.755830
644 1235 199.689910 79.887010
857 1508 -10.880739 -251.635700
804 1698 -378.805420 -402.025970
966 54 466.186920 -115.236800
1442 181 -142.231630 -188.718280
1747 253 190.146400 -479.587830
1785 305 214.702120 361.514620
457 340 399.643700 184.023000
659 341 292.054350 -391.450870
1044 416 282.414460 -16.479267
1720 594 158.800200 424.559230
608 739 -491.256900 -37.008990
380 785 -195.980200 298.484770
493 855 -174.087220 -1.134418
650 1101 -340.165680 -351.667760
842 1202 -471.626770 484.889560
944 1244 226.149630 450.715240
962 1272 369.331100 407.951020
963 1314 343.869300 40.202435
968 1388 11.693693 -199.356860
1012 1432 461.088840 205.458180
1046 1438 429.773830 -28.530964
1306 1551 315.887000 -485.177400
1554 1615 -232.111330 359.886930
1581 1623 -180.320920 140.893420
1798 1636 37.965363 340.934100
156 1667 -433.299260 321.834630
528 1128 -304.511930 -187.045060
964 57 318.040740 -3.447010
1170 170 -428.397860 -57.999622
1538 171 12.743803 81.545270
159 345 -141.085450 7.752301
381 1326 343.856350 319.134920
474 245 -150.492130 -101.633194
1805 1004 -296.112640 -380.020170
377 1173 -94.088684 435.420000
476 1721 352.012300 347.147740
942 266 -290.751680 375.177280
984 347 -15.555483 44.719036
1605 354 173.507900 -371.302730
1644 367 -500.245480 -299.208300
1778 454 -459.137970 -29.178516
162 554 -357.483400 -247.073720
1810 688 80.179535 266.887120
1430 193 381.514250 -306.516570
383 202 499.362400 36.042890
887 301 332.838300 312.970860
1543 332 -348.143300 -8.666615
578 337 273.561300 331.429350
1825 549 368.668730 49.260174
494 560 -191.723050 411.053620
1718 706 279.440950 185.313220
178 725 -451.360800 317.655240
1015 797 299.621300 427.008270
1054 912 -254.856370 304.241550
1280 923 55.483734 222.253040
1765 963 170.740260 -373.103060
1214 990 -105.262760 398.405120
184 1310 197.470980 471.316800
359 1604 287.683440 -63.827015
382 273 430.175930 467.759920
465 424 362.363370 -177.449140
472 440 -34.585390 402.847560
478 449 36.857820 318.267060
558 521 329.098480 -301.447420
575 533 -287.117580 77.765120
661 534 412.934660 -278.114230
895 535 -222.952000 -306.475500
978 710 277.630770 13.200176
1264 809 219.628450 401.569120
1511 822 -480.087100 76.698900
1532 908 -474.590120 -118.701190
1841 917 10.760405 463.645780
1843 1092 -382.831900 310.318630
1879 1137 203.862640 496.941620
1363 1216 39.549103 93.731186
192 1239 -113.845980 135.144330
193 1296 -240.395870 -22.606250
221 1304 196.386500 154.673510
229 1417 -70.043274 -424.066220
231 1426 -26.951845 40.855633
1288 1427 -288.443400 -301.147300
1291 1538 9.539885 -278.370820
541 1603 -214.799320 241.839890
798 1767 -407.626560 -447.856700
1069 1768 494.479030 -174.545400
1439 1769 -222.745480 -235.852370
206 1770 -342.469880 -190.373730
1245 1776 218.267550 -69.014600
4 1777 -39.035034 -210.041490
1509 1796 6.979948 -132.834490
869 832 -493.451420 190.615340
877 289 -98.866150 -219.097030
1421 293 -480.298430 108.604416
1253 356 -473.301800 428.682650
220 418 448.612270 135.561750
1603 450 -377.598800 482.813320
1519 649 -316.273300 485.682700
1512 727 162.468660 316.104580
1254 733 -90.390564 392.231000
261 915 241.142610 -67.786730
510 674 -335.354900 400.098300
513 944 -68.341675 -174.131640
514 71 28.777800 -121.824326
522 106 -57.293060 144.099780
527 303 485.460540 -197.164440
530 677 -212.984950 -362.241030
531 678 -88.784546 -377.384400
537 861 349.521940 -457.966640
538 883 334.679840 -195.769790
546 1045 196.738680 -294.678280
554 1052 -423.258060 481.328520
556 1124 -295.776800 -2.249347
559 1223 134.345000 479.954930
562 1316 95.707670 273.776700
565 1765 -297.234200 -121.543200
566 1792 -214.733180 -62.266956
567 459 -455.349800 174.624560
235 544 -6.984010 466.842740
1218 635 -491.185360 79.137314
892 680 465.180330 83.136640
1093 765 -122.200900 -68.073350
1329 860 270.977800 133.875290
1330 258 380.384000 -253.139850
1331 399 71.609890 -360.509400
1336 326 -356.240750 -69.814896
240 551 -39.244200 -101.273700
241 1060 79.761380 -210.537280
242 322 -38.681700 2.569500
985 1083 -299.430180 52.261150
1382 427 -470.231400 -398.268800
245 269 -358.518400 -252.334920
246 841 -32.708190 296.846530
247 1006 231.858610 -31.300343
313 91 466.034940 -423.770230
475 320 300.069800 230.053330
249 516 -370.889680 312.933700
979 965 24.225248 363.026150
1840 682 -305.389860 451.026520
250 960 47.728240 148.416670
1882 1251 366.738560 -339.585900
251 1322 -232.854580 178.100880
1587 1393 111.270170 420.197780
254 1673 -330.376920 -242.654680
477 1788 7.893401 202.475020
482 1837 348.054400 12.436199
487 1840 -231.398250 171.650920
489 1842 354.427830 -248.006000
690 1843 329.144560 88.745346
939 1849 365.264560 45.383770
333 1859 499.652620 -84.157640
369 1865 227.779020 -72.080950
376 137 -479.095760 -47.254810
413 231 331.373200 120.097520
506 232 14.299528 206.060530
970 98 406.301060 156.894210
971 191 -263.537840 90.354050
974 327 289.818200 -136.821120
975 352 -246.510650 491.679900
977 559 419.855800 -317.388580
981 871 135.222260 -314.297580
983 934 -182.763730 -30.089985
986 1480 36.510590 -404.207370
988 126 99.673980 -9.826374
990 100 80.297390 400.894800
992 115 -365.719150 33.982220
994 208 286.450300 -441.376040
995 370 280.023700 -246.715230
996 1002 400.618200 -104.031204
998 1449 297.555820 -449.375120
1035 210 368.993620 -461.862850
344 417 -88.926820 -386.955660
1180 441 -122.287900 95.497970
1211 500 -304.679050 -27.958607
1213 556 329.721950 -290.765050
1284 577 430.603300 -207.748180
296 587 367.309420 268.243320
1341 675 319.625900 -55.941120
302 734 65.065460 352.963600
441 774 492.226840 -200.872390
1377 795 215.932040 236.261220
1386 819 -462.471500 102.897320
1388 839 -287.932740 -422.874850
583 853 397.769800 -275.642970
987 864 -117.378750 279.871860
312 920 334.053620 60.964580
1185 929 -207.885860 359.705100
1465 930 -168.527740 -114.636950
1466 931 -74.038635 -445.102720
931 932 249.549350 460.583400
1367 948 393.791530 -143.479140
1003 954 -256.336400 -178.285720
1067 973 -233.445530 88.572556
1530 988 484.096100 224.557110
324 1256 -69.982120 164.498030
813 1362 481.569670 -104.425400
318 1431 -114.896420 -329.462070
1171 1468 391.625340 382.479640
732 1568 254.614960 -18.019855
1240 107 -485.092860 1.100415
1393 307 366.259430 205.318160
1345 388 -163.596070 101.696760
761 563 173.470800 -142.521680
1599 576 353.921970 136.692120
335 585 -51.611725 342.694000
706 606 134.540680 -198.175950
716 884 -364.549100 -31.732716
1232 927 -492.472050 -155.994460
1418 992 -10.584108 452.374300
1609 993 -446.829130 481.728500
1476 1027 138.214320 -379.766270
499 1051 -420.798700 -232.370070
655 1055 8.904692 259.372100
730 1104 -410.024800 -362.120300
872 1105 134.090910 -89.616714
947 1107 -151.711790 -160.660930
1210 1108 -283.480260 -293.505860
1215 1116 -494.310270 402.976900
1234 1122 471.175450 243.412580
1289 1123 -65.618900 -159.179150
1299 1125 -312.959200 -139.652850
1595 1134 -167.737240 -216.241780
580 1141 154.795800 -356.247500
965 1143 392.420000 348.792500
1414 1144 92.075290 -72.730820
1636 1145 -170.685420 126.898120
1209 1146 -35.489440 54.488630
1453 1147 336.175200 316.407140
713 1148 148.629550 -304.408720
725 1149 111.557100 191.899580
1164 1150 -288.207180 64.565780
1342 1151 437.767500 -205.141860
1351 1152 194.694300 -29.363941
1364 1156 -80.170960 459.887420
1657 1157 173.556240 -244.317830
1658 1168 -99.117520 -450.912630
1659 1276 -447.999540 -181.140760
1660 1353 -241.596950 -442.791900
1665 1421 -13.320589 -389.720200
346 1625 255.334750 -428.496000
1677 1727 -413.898740 -312.459630
349 1730 371.221100 -77.256390
1018 1743 38.685577 -327.962600
1563 1771 70.638400 -252.380450
1711 1783 -376.061980 -283.570280
1145 1070 279.714320 97.844530
463 131 139.732820 400.272200
582 204 -63.759705 177.505480
1162 329 -360.955600 -192.244000
1725 493 354.863740 267.789150
1293 571 11.071562 -90.343765
809 612 306.072170 -93.019516
1156 629 -135.453610 271.003080
819 685 146.157680 -66.325300
1601 715 -124.873840 -463.346000
399 878 55.077606 72.432360
1753 980 -255.886280 108.860700
367 1267 -59.897430 -156.353070
908 1378 182.355740 -75.912094
370 1409 -154.629300 -286.818330
1431 1413 -118.980286 260.755280
371 1513 -229.056820 -437.625760
1740 1008 260.051060 65.236920
1744 589 -350.318020 -244.706830
656 1491 -104.535490 370.368560
15 1486 -143.751280 307.672940
1166 138 -81.775880 -1.124530
576 276 29.748442 -79.258960
927 470 350.319500 -106.451800
1183 574 180.020600 -66.810500
1596 1277 297.745820 96.658250
595 1575 17.303617 -434.165250
432 442 155.447780 -386.981630
1000 1037 195.978790 186.045820
1151 1094 495.888640 134.257860
1384 1601 -304.676300 -297.188870
1165 1619 110.757780 -123.704120
1483 195 -126.317660 -381.645230
1808 238 -245.569580 -412.339140
390 240 -172.813080 -291.500980
391 241 498.146400 123.217760
868 247 -439.859200 -218.488540
906 359 245.475130 -153.971240
1279 369 131.400970 473.963530
1371 873 -117.513460 -480.512600
1513 921 379.572480 -417.834050
1632 1017 -259.852450 282.530300
1441 1022 49.556244 -0.964954
395 1023 -468.182220 -237.355550
601 1200 143.966160 -71.214615
404 1278 -304.682530 374.551360
405 1408 105.159820 -314.370240
1851 1500 116.893460 376.865800
1582 1527 -2.898042 47.709940
176 1556 -456.490000 314.687840
911 1557 201.007600 -166.231770
412 1758 -399.757000 63.003094
703 1761 264.688200 97.610214
767 145 221.158170 -196.070420
1475 492 452.749730 94.197800
1871 602 474.904020 -79.736680
416 907 233.270050 -38.748920
418 971 220.354030 -31.560566
1186 982 406.306800 -118.474810
420 1539 -237.018430 -394.061220
1482 160 -169.433350 343.469760
1873 1729 -300.745180 -408.664580
588 851 -263.208600 1.765606
1722 178 434.189670 -250.407300
591 486 429.892360 -445.727100
1150 531 436.299470 100.881454
1454 684 -223.406310 -1.785083
1063 820 154.532930 188.106490
174 1814 251.319000 -394.040400
508 196 -336.606700 6.492657
834 197 470.284200 -30.449665
871 200 -474.717560 -162.004900
900 203 82.234770 -496.823030
952 217 63.215485 -276.037540
1081 218 -396.006960 -135.933270
1082 284 222.404270 271.396880
1083 453 289.957060 -145.186480
1094 777 465.806850 -18.683369
1099 898 406.919770 -496.045870
1100 1001 -303.404570 312.143830
1108 1384 349.053620 186.637560
1016 1474 29.593168 246.701220
1178 1747 -127.368900 -156.476430
909 182 344.084080 218.318590
1184 916 356.030730 -416.413670
1395 956 -57.998627 -130.289470
479 1676 397.802280 215.286060
456 187 308.350130 267.704740
1480 1897 254.042330 -459.387540
1508 579 -75.176240 -122.439070
932 735 -413.941220 -432.207500
1413 1291 322.922580 -187.463700
1594 239 -259.722260 150.993270
960 501 79.487335 -382.482420
866 1633 314.574250 -50.859913
724 1805 255.409580 119.952680
1182 206 78.684170 11.010418
832 207 -142.616120 -313.020420
1326 334 411.081020 -259.949220
469 448 262.917940 -435.434480
606 499 290.679230 469.904940
662 575 190.417700 -157.369980
1444 619 -461.050540 390.429780
1699 836 -280.982300 -10.456074
1700 842 446.511260 104.014570
1731 1063 66.926300 -169.942830
483 1084 137.992460 -336.691650
379 1085 322.408780 302.623320
1446 1086 29.922148 -456.000700
1464 1178 88.131805 325.253570
1763 1321 -481.348720 -359.921230
496 279 47.445220 -376.554400
1319 848 -401.229980 34.061993
497 858 -209.722660 429.398160
1365 959 457.219020 -9.073261
1791 1363 -153.326540 -451.364600
498 1364 214.267610 352.069300
1447 1375 -232.393680 408.328900
502 1717 -110.242096 264.367830
503 1739 265.541600 351.020360
1838 866 361.492460 -30.519886
511 205 -118.659610 -381.888800
1287 298 -447.633580 199.794170
1343 336 379.434720 179.399520
1459 667 333.825470 -420.012880
526 714 89.811490 -191.891040
1161 999 -334.546540 316.937840
1579 1576 -286.806600 -424.731660
1580 304 303.974030 375.778400
841 1699 -315.094180 242.964400
1561 213 9.674162 286.156770
1743 246 53.271393 -127.095110
561 321 -445.764600 -299.675630
589 387 -30.025759 334.892500
629 532 -8.814577 -166.550460
915 627 312.688630 299.224460
917 703 -411.342200 -43.402700
919 760 -335.633030 -272.302900
920 1054 -456.123870 184.106000
923 1289 -141.064120 -160.191790
924 286 99.753940 -100.371110
929 564 -430.252560 23.914043
930 584 -33.771423 298.898770
933 1594 -35.012480 187.512620
969 505 12.424589 -307.687260
1527 1282 283.342560 -403.511900
913 1854 40.467804 406.722800
961 225 293.578100 340.065640
1448 227 77.747770 353.357500
585 229 -6.714845 176.390060
657 230 31.654630 -412.411130
592 732 -425.100300 -336.944180
593 1013 -260.710400 476.297270
907 1778 -358.795000 157.579700
1274 1328 414.378880 409.877300
1350 787 -112.124420 484.721100
1061 808 244.593720 348.465180
596 1264 -12.775484 -189.278700
1768 659 424.708770 -124.241590
771 1074 205.167140 -461.057340
814 1209 224.505100 -151.162950
938 1295 362.515600 -152.941850
1597 1324 -214.946990 178.685290
1801 1351 112.069790 -177.149000
1804 1359 212.984340 -246.349660
806 1376 144.573640 23.851482
855 1470 199.591890 26.865948
893 1504 -140.545930 -314.550080
941 1525 -169.930570 328.705600
1467 1541 240.365260 -267.209170
1863 1608 467.933140 -463.379360
603 1629 160.908900 213.664900
604 1708 -399.359800 337.256440
1896 1718 112.505585 -237.217850
572 909 314.649440 -50.469500
570 958 394.242220 232.221790
607 1112 -368.357450 -157.606520
611 350 133.621980 -321.481100
1241 433 282.353420 -322.715730
612 935 117.496430 483.762600
1730 272 -379.571700 432.830000
1845 1247 304.059300 -493.756200
1346 838 285.966400 428.128630
1383 1555 59.633330 -194.395430
849 1610 -83.132780 -249.005970
1434 1732 -381.915500 -331.893500
1006 287 -324.162570 418.829130
1481 1028 -3.953279 369.547700
1294 261 -388.113220 452.334440
1515 647 -386.254430 356.523400
1535 989 -92.631500 -73.952590
1556 1298 169.057040 301.138820
1557 264 -124.902954 -25.253986
568 522 -108.458190 -210.053300
777 637 164.802400 -318.958650
1062 650 163.545930 244.796860
1095 651 14.155668 -252.979140
1197 653 -362.939240 41.447857
1238 661 -463.170500 -138.405960
1558 663 397.885600 -308.793580
1559 666 -21.469637 -284.768220
1562 676 432.739530 381.522800
1565 691 -408.330320 -314.921900
1566 692 -359.680020 133.385790
1567 693 280.314180 315.954130
1568 694 -106.094666 326.524020
1569 695 449.285250 -143.438520
1570 268 210.954320 367.835000
1571 468 -445.249400 275.232100
1572 720 -85.747860 -165.873300
1573 903 -301.618100 375.861050
1574 362 -220.491850 -492.828640
1575 496 233.124110 -137.803820
1576 1032 -444.090240 337.234700
1486 1066 -244.146700 457.450230
1633 1186 -81.010864 -479.342250
1051 1213 50.672820 476.237270
1645 1241 -130.738620 -442.267120
1646 1320 -483.674160 -432.873320
1647 1688 -174.556520 369.029940
1648 1741 362.179350 -303.355130
1692 1071 177.665860 291.491360
647 1627 389.459500 -170.653270
648 628 -136.060700 50.030193
770 1502 487.896330 173.614180
597 1126 -387.758730 -393.970860
1426 1193 72.661835 309.132350
1783 517 -149.061040 121.051865
756 292 -437.537930 -10.470478
1784 520 -68.134860 142.242300
668 1787 -343.129850 -77.542404
1635 580 233.217130 -484.697300
1738 1397 -390.536040 369.429780
1827 1549 -86.450900 461.603300
1828 550 -86.940674 -20.980762
1829 484 -426.519800 -282.107730
1830 1583 -185.695430 -130.437670
1831 705 -151.657530 -369.762000
1832 1175 -142.869200 -388.699620
438 384 2.843779 -381.750400
1484 1702 218.027310 422.931060
505 558 -72.077330 481.286160
775 1392 -59.161133 -406.169460
803 1535 -449.675700 -394.721650
1024 1548 304.757900 -129.253650
1320 438 -442.973000 246.951950
1848 570 466.411350 306.550500
1849 1019 -490.498840 -278.345730
901 1115 205.418000 -141.319200
1564 1228 -123.116030 -498.349240
1853 1274 72.519990 -153.812940
680 431 252.505100 -56.327473
681 435 490.366550 226.839650
682 759 34.798553 -392.341800
688 849 389.257170 -460.455600
1643 1517 151.490200 -96.949540
691 1762 -226.374110 272.349820
1048 937 -14.950960 104.668076
1244 1391 209.775670 362.618260
696 310 -482.255650 -382.908000
1705 390 -398.651030 -486.524480
1708 1011 -143.749270 -265.335020
1709 1120 -223.753420 19.438946
701 1171 -281.404500 43.620342
704 1736 347.182770 -165.834400
708 1075 170.343780 43.518536
450 348 27.792997 -315.450160
710 412 -117.730560 -472.915250
1295 490 87.185394 137.939320
1389 491 448.359950 -249.295460
271 506 -91.945465 -336.972900
320 507 -149.144260 452.248200
455 421 -323.047270 -109.983020
524 455 -11.873568 328.560200
532 458 80.039825 471.947540
1027 643 291.537320 -328.138520
1084 728 -496.389470 176.601120
1283 1007 -150.939000 482.479280
1297 1044 -354.077360 97.210010
1487 1047 126.241120 -475.269260
1488 1073 -364.671260 160.215010
1490 1164 329.216340 473.453030
1491 1347 -280.561860 429.617280
1492 1537 -310.135350 -489.416000
1493 941 341.013820 60.004740
1494 1243 469.728730 474.364230
1495 1292 -51.464570 134.124740
1498 552 277.236240 -61.856495
1499 581 202.835540 35.910442
1500 364 371.828340 401.439300
1501 1442 335.943020 456.161220
1502 793 -11.036074 112.809740
1503 1268 294.244900 -394.386440
1504 1462 361.565950 -87.734240
1505 1848 -44.697296 -281.070700
1612 1242 36.329865 -119.636400
1614 946 146.138400 473.166840
1049 947 287.414150 -488.219450
1174 1058 410.528720 -484.409420
1619 1734 -84.613556 -406.907320
1716 655 473.826080 -101.788376
1440 436 485.897600 -42.363850
1525 872 136.048370 -149.757160
1792 1358 110.410430 -185.251450
1793 1722 -112.541380 -15.309254
1794 1772 200.409640 406.350250
1796 816 -114.419920 -268.405670
735 1484 236.871000 330.740330
737 363 58.570526 -482.038300
742 939 488.371200 -8.354908
743 604 7.105315 -26.757160
1373 736 -215.931670 279.971700
754 568 65.394990 229.217330
885 1617 -98.111850 -223.616500
1607 789 351.690830 204.464220
765 461 -132.401030 474.727140
1741 508 -110.392880 -383.880460
1608 1377 477.063500 269.506870
776 1529 -86.183290 345.418120
1673 425 -348.196080 225.013600
1766 812 287.151580 -301.447100
1533 737 -182.879330 -50.617725
1374 882 -449.132140 50.676006
1173 467 352.355870 233.764080
789 1630 -494.188900 338.403960
818 1660 304.493740 484.964080
1403 870 379.443450 -125.021620
1369 1516 -20.857882 379.309480
800 471 -427.828250 2.273022
1701 1836 -272.958340 -403.822720
1712 444 -303.858000 165.127180
1713 572 229.598790 451.524380
928 613 120.641570 96.023670
817 747 -146.457760 -255.072400
1719 776 -479.522220 -68.080215
1758 887 192.653230 158.053700
825 888 -12.821505 250.077680
1539 889 -256.378500 98.145980
836 890 107.584625 206.030620
837 891 -226.569640 -32.974230
870 892 40.384490 184.360030
1812 894 -172.723660 454.272430
1826 895 28.363554 -368.253020
853 896 -1.120241 -397.340730
1817 897 -27.379091 31.801922
862 900 39.144867 74.586716
1598 902 -335.269200 302.464750
1837 904 -385.521100 260.168550
856 905 23.802763 249.306260
859 910 -457.318050 -389.209440
861 911 217.622040 91.851180
1032 1416 -367.830100 -143.624920
1053 1201 -139.472960 495.083340
1056 1250 -170.604280 -429.750500
1057 690 -424.591200 -15.420216
1058 1350 -260.315250 -117.569500
1059 1737 83.191864 101.262560
878 1024 228.301360 10.299114
1734 423 -359.615330 160.544720
879 426 -268.583220 -324.942100
883 1680 83.762790 20.685467
1611 1700 110.748380 403.022550
1672 1720 -39.024475 -163.539840
1021 1319 370.992900 172.717390
1433 562 226.842070 376.788060
1819 1064 325.777620 -138.094310
1820 987 -232.668180 118.751450
902 510 345.704500 473.101900
1412 1369 -423.302580 -4.522693
1106 1668 -348.835330 171.775440
1248 457 -242.041690 371.643520
1344 608 222.951930 -241.629650
1052 742 -357.093170 -452.091520
937 1638 295.304900 313.429050
1671 469 235.037500 -145.645980
922 748 -431.140140 404.523400
925 1010 -132.725130 183.069750
935 537 -264.902340 424.358250
936 914 436.103240 -368.704220
1875 951 -360.780980 341.328900
940 1679 -175.322450 -220.919780
1451 1786 424.985020 386.976960
1452 821 159.720860 9.196819
1773 1273 302.910800 -20.797352
1030 526 360.491600 192.107400
1348 1674 162.301420 485.757100
1352 485 32.829376 5.042157
1353 1860 107.971405 269.450900
1357 1367 137.264370 131.810780
1358 869 144.090730 -175.320420
1359 1135 17.403349 -401.254550
1360 1293 -349.549130 -285.718630
1361 1233 313.280730 -457.782680
1522 1562 0.546995 446.406160
749 1740 4.089201 -225.544900
1249 723 -343.775900 392.988000
1250 1398 325.683320 -383.064580
1652 709 340.234650 344.579300
1683 1048 -409.527070 -395.597530
1684 1065 435.909820 320.716770
1685 1588 0.802183 -172.386370
1686 1536 -407.755100 -189.344740
1687 1830 391.635770 -120.802320
1690 524 -376.946500 -293.782000
980 565 464.349950 -405.450040
982 791 180.444670 -193.322860
991 875 480.653400 38.479168
1192 1114 355.730800 -75.008255
1008 1566 -425.860700 478.358600
1013 1592 314.973480 305.394440
1014 1635 -193.304470 405.823940
1019 1817 311.727750 274.232880
1020 1818 -152.021420 21.599834
1391 1819 -63.854156 -210.865160
1811 1820 -311.618740 -18.176044
1034 1821 257.453640 -174.018720
1040 1822 109.401580 -380.720250
1514 1823 -404.086100 348.834500
1042 1824 -269.952200 299.235260
1047 1825 20.743132 -55.116140
1814 1826 323.888640 47.125652
1023 1827 312.048200 74.633770
1088 1811 -241.412450 94.106550
1458 1240 47.704010 286.975200
1071 1581 348.233800 -473.456480
1724 1671 -319.808870 -320.556430
1715 539 -371.489600 -203.207530
1101 729 -46.233580 345.881740
1104 1348 -434.283540 455.164460
1115 1443 -221.059050 -453.110380
1107 1634 -7.112764 96.758770
1537 1177 -270.910250 -137.142840
1604 1750 -370.268830 181.884810
1772 763 -346.878750 -354.959840
1541 885 387.831400 85.085070
1149 1602 -491.515840 -332.945830
1153 1210 -211.465940 455.308000
1172 1212 410.392900 -2.676319
1202 1678 228.173610 -271.428500
1276 804 66.002290 -237.560230
1281 622 -486.239100 424.493070
1159 1038 216.364960 -347.957370
1163 660 -438.012800 -320.643950
1167 1179 444.357400 -272.240840
1169 1290 405.373380 320.916660
1175 1303 -276.640700 341.890100
1181 1454 -318.380200 -326.052150
1102 1862 379.325100 -254.043880
1865 722 -404.309940 200.554610
1866 1503 -282.012420 274.874540
1194 1478 -61.112854 25.583477
1742 1764 429.283360 -170.545670
1203 623 125.157620 374.989650
1204 962 22.694487 -251.940260
1855 854 362.086270 -36.187520
1856 772 -29.951448 57.707440
1206 1544 12.519621 410.450840
1883 630 -63.575043 -474.473720
1208 662 -77.516390 -174.782330
1584 775 465.162930 -106.577040
1749 945 -7.962038 -176.308120
1844 1523 -250.428710 171.959820
1216 631 -452.065670 349.177340
1217 633 -328.209930 -106.132950
1223 744 140.424470 -146.386610
1577 1300 118.355865 -216.726490
1347 1370 231.289400 -417.424900
1242 1492 -307.625520 383.655980
1243 648 -133.862610 -62.463245
1307 756 333.806500 -194.329790
1316 656 -168.753700 147.363630
1257 664 32.221527 -94.559340
1265 665 -16.299532 -228.965320
1272 668 -229.519620 -115.449050
1282 670 413.300380 -125.111280
1354 671 73.154144 -485.109600
1422 672 -154.299960 80.225140
1423 1479 50.092438 -65.324200
1425 702 228.451690 60.879925
1550 1773 -376.597560 236.382610
1292 1877 -244.883330 485.435330
1298 1095 -294.795000 -127.016710
1300 1574 -322.674770 -154.986160
1301 936 453.882170 245.803820
1302 696 130.647250 85.140976
1303 1076 378.134860 -294.524900
1737 1631 -142.640440 468.956570
1308 1774 -18.980715 -403.131100
1309 1864 147.674650 -360.912080
1312 1374 -159.766540 -90.428330
1322 813 -459.279270 416.791050
1688 1067 -493.724600 -442.634900
1338 1195 -172.460200 479.502600
1340 1257 366.697360 303.345250
1146 1400 -319.402620 -308.263550
1362 803 -327.468400 -128.274190
1370 1219 -202.226100 -470.703770
1777 1531 252.064240 -156.963150
1375 1382 -206.466310 -266.935200
1881 1327 47.486298 -483.658170
1379 1868 195.946010 56.170820
1836 1898 -498.448430 40.262920
1553 717 -184.544070 -272.878140
1196 718 -5.776460 -235.984660
1392 750 439.782930 41.531536
1398 751 -16.606142 -59.681570
1399 1165 279.049160 316.358430
1406 1263 239.108000 -376.036700
1407 1311 -163.783170 293.113000
1411 1441 -422.665920 -147.017960
1415 1476 -89.859470 -39.722310
1417 1528 -202.837400 -26.223500
1419 1661 252.017670 -319.775180
1669 867 104.426970 277.230380
1438 730 -9.255281 452.205660
1443 1306 165.085720 -50.259754
1450 745 318.666350 120.523300
1455 1593 73.309050 -288.732900
1613 1287 86.428560 345.790740
1618 1515 -57.936310 411.923200
1626 1550 -105.875150 197.215130
1627 1025 -471.907680 289.272860
1628 1705 -14.349153 295.137970
1629 786 288.534520 -449.559400
1630 1490 -245.840760 -464.400570
1631 1446 -466.962200 436.283360
1460 1230 -51.266937 -437.514430
1463 796 -116.939820 -50.701984
1468 1464 -264.127300 317.854520
1469 1465 79.165070 -17.399830
1479 1466 -385.881840 197.328480
1891 1471 287.462740 -325.778260
1489 1473 -193.896030 -435.024570
1506 1475 447.953950 429.142600
504 807 159.572850 -359.103670
1275 1494 -119.619200 200.882550
1516 925 -222.652470 64.768845
1517 1305 317.295140 305.144930
1518 981 -434.009800 -240.108170
1520 1199 -230.597290 249.918560
1524 829 -356.147400 74.810840
1528 1222 144.845180 -190.393900
1534 826 81.448580 -436.605000
1536 827 341.932900 -154.836260
1542 877 -239.443910 179.275010
1893 880 -386.057460 177.898790
1544 1057 233.182950 106.840805
1547 1245 364.946750 161.488200
1548 837 337.506620 -71.464096
1839 1077 177.241300 464.942600
1551 1424 -14.874575 336.975620
1552 1553 -206.208220 -21.343342
1555 1606 -27.564913 140.454700
1578 1834 -16.782045 -313.650900
1590 1835 -111.329620 -118.301346
1600 845 -299.810240 -192.389020
1602 1872 194.129060 -7.746601
1728 1090 -279.291720 -491.056300
1615 1361 324.321560 38.695232
1617 1611 -20.403109 5.583539
1622 906 239.266140 281.883700
1623 976 166.630160 -67.928085
1634 1893 181.876190 466.767850
1638 1448 -251.921570 446.447240
1639 876 -464.636870 487.796420
1640 1218 472.048740 -348.905200
1649 918 -423.196620 333.770720
1815 1514 -411.146640 -437.291300
1651 1687 -387.502530 -493.981660
1653 1096 471.739840 44.481304
1654 1035 450.472140 -74.944690
1655 1396 58.666046 -174.449170
1656 1422 416.456500 193.442430
1661 1204 -447.591370 -24.097553
1662 968 151.886500 -33.668232
1663 1725 114.140530 -20.669544
1667 1867 245.971590 96.237410
1668 972 -135.281000 -147.265210
1676 1697 348.582180 164.853560
1680 979 368.274080 -403.061370
1682 1003 -213.307400 -7.716419
1691 1012 -85.709750 -367.621860
1693 1696 -135.656740 -277.169400
1694 1889 337.226230 -227.571670
1735 1894 -35.440460 126.540634
1695 1194 -183.182560 -282.204800
1697 1567 291.393040 -173.021710
1698 1766 87.559540 17.316570
1702 1716 -408.772520 268.253500
1703 1746 -247.528630 -66.321850
1707 1030 474.716640 368.107400
1717 1109 -55.912170 -323.032680
1721 1605 24.200773 -31.096363
1726 1166 404.734770 24.648785
1729 1632 216.171300 394.662260
1732 1330 168.489230 433.461200
1748 1881 314.333280 -350.189900
1751 1061 418.830600 366.899440
1752 1455 -203.959930 54.112470
1755 1082 -231.161010 -288.641940
1756 1087 -436.649800 398.288850
1757 1088 164.899080 -165.320850
1764 1089 159.686250 26.105267
1767 1170 -149.780430 52.758830
1769 1160 464.048200 -398.725500
1781 1119 341.079250 13.032574
1782 1203 -133.036440 -298.715800
1786 1794 166.563020 -221.926800
1789 1389 245.830470 -204.687400
1790 1140 201.651820 198.198040
1799 1368 152.039340 -390.319500
1803 1709 -216.116910 498.899080
1806 1155 498.231900 361.826700
1809 1498 445.399080 -122.930160
1813 1159 -308.713650 -147.416370
1816 1847 15.052336 299.420070
1818 1853 -404.908570 -53.431263
1821 1883 49.338654 -372.867830
1834 1172 -73.100190 -458.203060
1846 1225 36.281036 -347.273160
1850 1360 -307.972050 -267.843100
1859 1703 -417.013340 -371.729640
1854 1816 43.895600 500.184970
1857 1407 -154.545780 388.469820
1860 1481 -480.124900 -57.391620
1861 1560 -211.692840 227.865950
1862 1723 -51.853546 -272.581700
1868 1205 472.482330 278.248320
1870 1437 446.732270 208.773420
1874 1841 460.503750 250.581340
1877 1254 -156.888640 384.822660
1884 1259 -398.177030 55.142560
1887 1275 -468.712650 -326.424220
1888 1685 -85.190094 -5.758930
1892 1653 252.915740 303.238130
1894 1694 17.328580 -66.204790
1895 1301 -459.932280 -34.032887
1897 1456 -425.566130 103.215195
1898 1457 -410.562400 267.794650
1899 1458 -470.422180 -52.551380
14 1459 151.275670 422.500700
620 1460 464.814670 -239.288280
705 1892 -388.943800 -416.489100
845 1345 295.845430 -331.656430
1176 1429 -182.135100 185.431260
1131 1499 -350.654570 -108.616530
1138 1341 370.719940 -324.378570
1333 1600 -307.132170 127.886460
525 1677 12.513273 56.246807
1470 1656 -108.279785 315.656650
1800 1318 -499.011050 -271.460300
1802 1331 152.560330 2.990277
1394 1333 -172.850460 233.538620
550 1447 80.060760 47.186504
997 1815 -66.290710 -382.637850
999 1707 -379.157680 384.996600
1462 1399 149.689120 314.116360
1637 1366 197.978910 174.846970
1507 1405 401.974640 -364.179840
934 1613 -450.273600 -302.415440
577 1411 -109.364350 186.273910
1746 1404 -122.268250 20.659771
549 1410 322.031770 -225.413770
1385 1572 -417.171880 -419.928100
1485 1735 -17.795260 -305.888460
1496 1757 -179.375030 -484.929570
1795 1439 -97.213650 -446.159880
1045 1495 344.452360 -197.483230
1239 1782 122.625460 201.823040
1588 1570 -380.178740 -19.023914
1390 1469 -419.435100 -335.998320
1788 1890 -7.587434 -470.976300
1787 1870 488.276900 436.851040
946 1875 -229.290530 -232.087780
1478 1884 126.789276 -81.463700
956 1885 444.739100 495.662630
1025 1886 -113.685000 240.818830
1033 1887 -96.008700 427.804400
1774 1888 26.220243 272.739470
1733 1533 440.433260 -80.595110
1155 1584 70.446625 107.144270
1864 1693 -473.358600 373.691250
1236 1511 -26.573977 -87.593310
1251 1659 -155.577640 204.484300
1268 1879 192.506560 -365.758030
1271 1524 -194.102870 212.824630
1739 1530 -414.868000 -333.705630
1650 1532 -143.126400 -237.411420
1404 1563 -387.505520 273.220430
1445 1628 181.434780 195.553630
1625 1695 -323.891540 246.279340
1523 1712 37.021270 -486.712650
1549 1804 -460.273000 -1.020526
1586 1855 -159.112340 471.398700
1616 1861 -303.748170 69.121570
1621 1586 301.665000 -118.896410
1678 1591 227.762240 -216.384780
1679 1754 343.862640 93.721664
1689 1547 176.516020 -336.262540
1727 1552 308.494000 355.634120
1745 1571 -304.247770 1.038403
1754 1755 -70.387820 -35.601826
1760 1564 281.350430 -82.110000
1797 1569 -115.605070 -68.874280
1807 1595 198.880280 141.712330
1824 1590 293.516450 159.899400
1835 1596 -184.700010 -331.799300
1878 1607 408.898530 -8.086842
1858 1599 -79.461580 466.416400
1869 1666 -132.466640 330.187650
1876 1858 281.424700 387.391880
1880 1891 312.921600 460.125340
1076 1612 -391.097750 477.942350
17 1614 -110.227875 111.834520
1435 1663 -160.806150 -27.337269
1437 1704 102.960785 272.065400
436 1810 130.558930 339.628270
439 1871 -201.653720 -253.235060
571 1654 259.511630 -110.891770
1497 1658 -429.105500 499.671720
1060 1684 163.844640 -380.362400
1424 1670 -265.337160 348.036300
1334 1672 224.530490 172.084880
1526 1726 99.548310 -316.534200
1531 1714 -495.452240 -10.111073
1560 1733 191.304050 -495.943300
1620 1832 -430.091860 42.430830
1833 1833 224.181670 193.392800
1842 1845 -293.366100 -241.457200
614 1780 89.657135 162.649770
1852 1797 317.165000 138.446400
1714 1798 -139.949620 -316.038000
1867 1801 30.649382 364.952240
1710 1802 -177.550600 -13.628468
1761 1812 -406.202500 -381.459500
1120 1813 -143.797270 -39.907948
1847 1863 -77.541110 215.982400
1872 1844 46.343840 -379.513580
189 1873 -211.195650 -361.549350
Edge Number of Tree:1892
(1 ,2):1.000000
(1 ,9):1.000000
(1 ,21):1.000000
(1 ,22):1.000000
(1 ,33):1.000000
(1 ,34):1.000000
(3 ,21):1.000000
(3 ,19):1.000000
(3 ,24):1.000000
(3 ,30):1.000000
(3 ,35):1.000000
(3 ,36):1.000000
(3 ,38):1.000000
(3 ,41):1.000000
(3 ,42):1.000000
(3 ,43):1.000000
(3 ,46):1.000000
(3 ,49):1.000000
(3 ,50):1.000000
(3 ,53):1.000000
(3 ,54):1.000000
(3 ,57):1.000000
(3 ,59):1.000000
(3 ,61):1.000000
(3 ,64):1.000000
(3 ,68):1.000000
(3 ,69):1.000000
(3 ,70):1.000000
(3 ,72):1.000000
(3 ,73):1.000000
(3 ,74):1.000000
(3 ,75):1.000000
(3 ,76):1.000000
(3 ,78):1.000000
(3 ,80):1.000000
(3 ,81):1.000000
(3 ,82):1.000000
(3 ,83):1.000000
(3 ,89):1.000000
(3 ,90):1.000000
(3 ,94):1.000000
(3 ,95):1.000000
(3 ,96):1.000000
(3 ,97):1.000000
(3 ,98):1.000000
(3 ,101):1.000000
(3 ,102):1.000000
(3 ,103):1.000000
(3 ,105):1.000000
(3 ,107):1.000000
(3 ,108):1.000000
(3 ,109):1.000000
(3 ,111):1.000000
(3 ,114):1.000000
(3 ,115):1.000000
(3 ,117):1.000000
(3 ,119):1.000000
(3 ,121):1.000000
(3 ,125):1.000000
(3 ,126):1.000000
(3 ,127):1.000000
(3 ,128):1.000000
(3 ,129):1.000000
(3 ,130):1.000000
(3 ,131):1.000000
(3 ,132):1.000000
(3 ,133):1.000000
(3 ,134):1.000000
(3 ,137):1.000000
(3 ,138):1.000000
(3 ,140):1.000000
(3 ,141):1.000000
(3 ,142):1.000000
(3 ,144):1.000000
(3 ,146):1.000000
(3 ,147):1.000000
(3 ,148):1.000000
(3 ,149):1.000000
(3 ,150):1.000000
(3 ,152):1.000000
(3 ,153):1.000000
(3 ,154):1.000000
(3 ,155):1.000000
(3 ,157):1.000000
(3 ,158):1.000000
(3 ,160):1.000000
(3 ,163):1.000000
(3 ,164):1.000000
(3 ,165):1.000000
(3 ,166):1.000000
(3 ,167):1.000000
(3 ,168):1.000000
(3 ,169):1.000000
(3 ,170):1.000000
(3 ,171):1.000000
(3 ,172):1.000000
(3 ,173):1.000000
(3 ,177):1.000000
(3 ,179):1.000000
(3 ,180):1.000000
(3 ,181):1.000000
(3 ,182):1.000000
(3 ,183):1.000000
(3 ,185):1.000000
(3 ,186):1.000000
(3 ,187):1.000000
(3 ,188):1.000000
(3 ,190):1.000000
(3 ,191):1.000000
(5 ,1):1.000000
(5 ,20):1.000000
(5 ,37):1.000000
(5 ,45):1.000000
(5 ,84):1.000000
(5 ,175):1.000000
(5 ,228):1.000000
(5 ,244):1.000000
(5 ,287):1.000000
(5 ,305):1.000000
(5 ,321):1.000000
(5 ,364):1.000000
(5 ,365):1.000000
(5 ,407):1.000000
(5 ,425):1.000000
(5 ,431):1.000000
(5 ,519):1.000000
(5 ,521):1.000000
(5 ,542):1.000000
(5 ,543):1.000000
(5 ,548):1.000000
(5 ,563):1.000000
(5 ,564):1.000000
(5 ,616):1.000000
(5 ,617):1.000000
(5 ,618):1.000000
(5 ,619):1.000000
(5 ,621):1.000000
(5 ,622):1.000000
(5 ,623):1.000000
(5 ,634):1.000000
(5 ,635):1.000000
(5 ,640):1.000000
(5 ,642):1.000000
(5 ,643):1.000000
(5 ,646):1.000000
(5 ,649):1.000000
(5 ,654):1.000000
(5 ,660):1.000000
(5 ,663):1.000000
(5 ,664):1.000000
(5 ,665):1.000000
(5 ,667):1.000000
(5 ,669):1.000000
(5 ,671):1.000000
(5 ,672):1.000000
(5 ,674):1.000000
(5 ,675):1.000000
(5 ,676):1.000000
(5 ,677):1.000000
(5 ,678):1.000000
(5 ,679):1.000000
(5 ,683):1.000000
(5 ,684):1.000000
(5 ,685):1.000000
(5 ,686):1.000000
(5 ,687):1.000000
(6 ,41):1.000000
(6 ,48):1.000000
(6 ,52):1.000000
(6 ,200):1.000000
(6 ,222):1.000000
(6 ,263):1.000000
(6 ,264):1.000000
(6 ,267):1.000000
(6 ,278):1.000000
(6 ,293):1.000000
(6 ,332):1.000000
(6 ,443):1.000000
(6 ,462):1.000000
(6 ,512):1.000000
(6 ,600):1.000000
(6 ,627):1.000000
(6 ,698):1.000000
(6 ,700):1.000000
(6 ,702):1.000000
(6 ,707):1.000000
(6 ,712):1.000000
(6 ,718):1.000000
(6 ,720):1.000000
(6 ,721):1.000000
(6 ,722):1.000000
(6 ,723):1.000000
(6 ,727):1.000000
(6 ,728):1.000000
(6 ,729):1.000000
(7 ,5):1.000000
(7 ,63):1.000000
(7 ,113):1.000000
(7 ,118):1.000000
(7 ,215):1.000000
(7 ,337):1.000000
(7 ,348):1.000000
(7 ,373):1.000000
(7 ,406):1.000000
(7 ,411):1.000000
(7 ,574):1.000000
(7 ,587):1.000000
(7 ,610):1.000000
(7 ,638):1.000000
(7 ,738):1.000000
(7 ,778):1.000000
(7 ,784):1.000000
(7 ,794):1.000000
(7 ,797):1.000000
(7 ,799):1.000000
(7 ,807):1.000000
(7 ,808):1.000000
(7 ,812):1.000000
(7 ,816):1.000000
(7 ,820):1.000000
(7 ,821):1.000000
(7 ,823):1.000000
(7 ,824):1.000000
(7 ,826):1.000000
(7 ,827):1.000000
(7 ,828):1.000000
(7 ,830):1.000000
(7 ,831):1.000000
(7 ,835):1.000000
(7 ,838):1.000000
(7 ,839):1.000000
(7 ,843):1.000000
(7 ,844):1.000000
(7 ,846):1.000000
(7 ,848):1.000000
(7 ,851):1.000000
(7 ,852):1.000000
(7 ,854):1.000000
(7 ,858):1.000000
(7 ,860):1.000000
(8 ,222):1.000000
(8 ,27):1.000000
(8 ,40):1.000000
(8 ,47):1.000000
(8 ,145):1.000000
(8 ,255):1.000000
(8 ,326):1.000000
(8 ,471):1.000000
(8 ,520):1.000000
(8 ,699):1.000000
(8 ,719):1.000000
(8 ,863):1.000000
(8 ,864):1.000000
(8 ,867):1.000000
(8 ,873):1.000000
(8 ,874):1.000000
(8 ,876):1.000000
(8 ,880):1.000000
(8 ,881):1.000000
(8 ,882):1.000000
(9 ,39):1.000000
(9 ,217):1.000000
(9 ,1075):1.000000
(11 ,73):1.000000
(11 ,282):1.000000
(11 ,445):1.000000
(16 ,9):1.000000
(16 ,295):1.000000
(16 ,298):1.000000
(16 ,509):1.000000
(16 ,517):1.000000
(16 ,639):1.000000
(16 ,1064):1.000000
(16 ,1230):1.000000
(16 ,1285):1.000000
(16 ,1286):1.000000
(18 ,1):1.000000
(18 ,66):1.000000
(18 ,408):1.000000
(19 ,77):1.000000
(19 ,123):1.000000
(19 ,446):1.000000
(19 ,447):1.000000
(19 ,631):1.000000
(19 ,766):1.000000
(19 ,912):1.000000
(19 ,1396):1.000000
(19 ,1397):1.000000
(20 ,58):1.000000
(21 ,62):1.000000
(21 ,104):1.000000
(21 ,239):1.000000
(21 ,270):1.000000
(21 ,274):1.000000
(21 ,280):1.000000
(21 ,586):1.000000
(21 ,599):1.000000
(21 ,910):1.000000
(21 ,958):1.000000
(21 ,1002):1.000000
(21 ,1005):1.000000
(21 ,1079):1.000000
(21 ,1177):1.000000
(21 ,1349):1.000000
(21 ,1428):1.000000
(21 ,1429):1.000000
(21 ,1432):1.000000
(21 ,1436):1.000000
(24 ,87):1.000000
(24 ,203):1.000000
(24 ,266):1.000000
(24 ,356):1.000000
(24 ,515):1.000000
(24 ,533):1.000000
(24 ,544):1.000000
(24 ,689):1.000000
(24 ,692):1.000000
(24 ,695):1.000000
(24 ,976):1.000000
(24 ,1160):1.000000
(24 ,1313):1.000000
(24 ,1376):1.000000
(24 ,1624):1.000000
(25 ,1):1.000000
(25 ,92):1.000000
(25 ,195):1.000000
(25 ,199):1.000000
(25 ,336):1.000000
(28 ,5):1.000000
(29 ,104):1.000000
(29 ,1400):1.000000
(29 ,1822):1.000000
(29 ,1823):1.000000
(31 ,1):1.000000
(31 ,1387):1.000000
(32 ,133):1.000000
(32 ,201):1.000000
(32 ,1420):1.000000
(36 ,88):1.000000
(36 ,110):1.000000
(36 ,143):1.000000
(36 ,214):1.000000
(36 ,224):1.000000
(36 ,226):1.000000
(36 ,252):1.000000
(36 ,253):1.000000
(36 ,256):1.000000
(36 ,257):1.000000
(36 ,258):1.000000
(36 ,259):1.000000
(36 ,260):1.000000
(36 ,262):1.000000
(36 ,265):1.000000
(36 ,269):1.000000
(36 ,272):1.000000
(36 ,273):1.000000
(36 ,276):1.000000
(36 ,277):1.000000
(36 ,279):1.000000
(36 ,281):1.000000
(36 ,283):1.000000
(36 ,284):1.000000
(36 ,285):1.000000
(36 ,286):1.000000
(36 ,288):1.000000
(36 ,289):1.000000
(36 ,292):1.000000
(36 ,294):1.000000
(36 ,297):1.000000
(36 ,301):1.000000
(36 ,303):1.000000
(36 ,308):1.000000
(36 ,311):1.000000
(36 ,315):1.000000
(36 ,322):1.000000
(36 ,325):1.000000
(36 ,328):1.000000
(36 ,330):1.000000
(36 ,331):1.000000
(36 ,338):1.000000
(36 ,339):1.000000
(36 ,342):1.000000
(36 ,345):1.000000
(36 ,350):1.000000
(36 ,353):1.000000
(36 ,354):1.000000
(36 ,355):1.000000
(36 ,358):1.000000
(36 ,360):1.000000
(36 ,361):1.000000
(36 ,362):1.000000
(36 ,363):1.000000
(36 ,368):1.000000
(36 ,372):1.000000
(36 ,374):1.000000
(36 ,384):1.000000
(36 ,385):1.000000
(36 ,387):1.000000
(36 ,389):1.000000
(36 ,396):1.000000
(36 ,397):1.000000
(36 ,398):1.000000
(36 ,400):1.000000
(36 ,401):1.000000
(36 ,403):1.000000
(36 ,409):1.000000
(36 ,410):1.000000
(36 ,414):1.000000
(36 ,415):1.000000
(36 ,417):1.000000
(36 ,419):1.000000
(36 ,422):1.000000
(36 ,423):1.000000
(36 ,424):1.000000
(36 ,426):1.000000
(36 ,427):1.000000
(36 ,428):1.000000
(36 ,430):1.000000
(36 ,433):1.000000
(36 ,434):1.000000
(36 ,435):1.000000
(37 ,210):1.000000
(38 ,579):1.000000
(38 ,584):1.000000
(38 ,594):1.000000
(39 ,207):1.000000
(39 ,213):1.000000
(39 ,216):1.000000
(39 ,219):1.000000
(39 ,225):1.000000
(39 ,268):1.000000
(39 ,299):1.000000
(39 ,317):1.000000
(39 ,347):1.000000
(39 ,375):1.000000
(39 ,440):1.000000
(39 ,442):1.000000
(39 ,461):1.000000
(39 ,480):1.000000
(39 ,501):1.000000
(39 ,507):1.000000
(39 ,523):1.000000
(39 ,534):1.000000
(39 ,609):1.000000
(39 ,626):1.000000
(39 ,630):1.000000
(39 ,658):1.000000
(39 ,733):1.000000
(39 ,740):1.000000
(39 ,741):1.000000
(39 ,744):1.000000
(39 ,745):1.000000
(39 ,746):1.000000
(39 ,747):1.000000
(39 ,750):1.000000
(39 ,751):1.000000
(39 ,752):1.000000
(39 ,753):1.000000
(39 ,755):1.000000
(39 ,758):1.000000
(39 ,759):1.000000
(39 ,760):1.000000
(39 ,764):1.000000
(39 ,768):1.000000
(39 ,769):1.000000
(39 ,779):1.000000
(39 ,780):1.000000
(39 ,781):1.000000
(39 ,783):1.000000
(39 ,786):1.000000
(39 ,787):1.000000
(39 ,788):1.000000
(39 ,790):1.000000
(39 ,792):1.000000
(39 ,793):1.000000
(40 ,323):1.000000
(40 ,518):1.000000
(40 ,632):1.000000
(40 ,897):1.000000
(40 ,898):1.000000
(40 ,899):1.000000
(41 ,232):1.000000
(42 ,552):1.000000
(42 ,717):1.000000
(43 ,238):1.000000
(43 ,334):1.000000
(43 ,615):1.000000
(43 ,628):1.000000
(43 ,948):1.000000
(43 ,949):1.000000
(43 ,950):1.000000
(43 ,953):1.000000
(44 ,125):1.000000
(44 ,12):1.000000
(44 ,196):1.000000
(44 ,736):1.000000
(44 ,815):1.000000
(44 ,1001):1.000000
(45 ,762):1.000000
(46 ,306):1.000000
(46 ,314):1.000000
(46 ,352):1.000000
(46 ,926):1.000000
(46 ,1037):1.000000
(47 ,636):1.000000
(49 ,1073):1.000000
(50 ,85):1.000000
(50 ,100):1.000000
(50 ,122):1.000000
(50 ,198):1.000000
(50 ,218):1.000000
(50 ,223):1.000000
(50 ,227):1.000000
(50 ,233):1.000000
(50 ,236):1.000000
(50 ,243):1.000000
(50 ,307):1.000000
(50 ,340):1.000000
(50 ,341):1.000000
(50 ,394):1.000000
(50 ,421):1.000000
(50 ,429):1.000000
(50 ,444):1.000000
(50 ,473):1.000000
(50 ,486):1.000000
(50 ,488):1.000000
(50 ,490):1.000000
(50 ,491):1.000000
(50 ,539):1.000000
(50 ,547):1.000000
(50 ,551):1.000000
(50 ,553):1.000000
(50 ,641):1.000000
(50 ,652):1.000000
(50 ,653):1.000000
(50 ,666):1.000000
(50 ,670):1.000000
(50 ,709):1.000000
(50 ,805):1.000000
(50 ,811):1.000000
(50 ,822):1.000000
(50 ,957):1.000000
(50 ,967):1.000000
(50 ,1010):1.000000
(50 ,1011):1.000000
(50 ,1022):1.000000
(50 ,1026):1.000000
(50 ,1070):1.000000
(50 ,1085):1.000000
(50 ,1087):1.000000
(50 ,1109):1.000000
(50 ,1110):1.000000
(50 ,1111):1.000000
(50 ,1112):1.000000
(50 ,1114):1.000000
(50 ,1116):1.000000
(50 ,1117):1.000000
(50 ,1118):1.000000
(50 ,1119):1.000000
(50 ,1121):1.000000
(50 ,1122):1.000000
(50 ,1123):1.000000
(50 ,1124):1.000000
(50 ,1125):1.000000
(50 ,1126):1.000000
(50 ,1127):1.000000
(50 ,1128):1.000000
(50 ,1129):1.000000
(50 ,1130):1.000000
(50 ,1132):1.000000
(50 ,1133):1.000000
(50 ,1134):1.000000
(50 ,1135):1.000000
(50 ,1136):1.000000
(50 ,1137):1.000000
(50 ,1139):1.000000
(50 ,1140):1.000000
(50 ,1141):1.000000
(50 ,1142):1.000000
(50 ,1143):1.000000
(50 ,1144):1.000000
(50 ,1148):1.000000
(50 ,1152):1.000000
(50 ,1154):1.000000
(51 ,3):1.000000
(51 ,211):1.000000
(51 ,234):1.000000
(51 ,300):1.000000
(51 ,714):1.000000
(51 ,774):1.000000
(51 ,1029):1.000000
(51 ,1038):1.000000
(51 ,1077):1.000000
(51 ,1187):1.000000
(51 ,1188):1.000000
(51 ,1189):1.000000
(51 ,1190):1.000000
(51 ,1191):1.000000
(51 ,1193):1.000000
(51 ,1195):1.000000
(51 ,1198):1.000000
(51 ,1199):1.000000
(51 ,1200):1.000000
(51 ,1201):1.000000
(51 ,1205):1.000000
(51 ,1207):1.000000
(53 ,86):1.000000
(53 ,536):1.000000
(53 ,1028):1.000000
(53 ,1219):1.000000
(53 ,1220):1.000000
(53 ,1221):1.000000
(53 ,1222):1.000000
(55 ,7):1.000000
(55 ,56):1.000000
(55 ,60):1.000000
(55 ,204):1.000000
(55 ,290):1.000000
(55 ,291):1.000000
(55 ,309):1.000000
(55 ,452):1.000000
(55 ,453):1.000000
(55 ,734):1.000000
(55 ,796):1.000000
(55 ,896):1.000000
(55 ,914):1.000000
(55 ,955):1.000000
(55 ,1041):1.000000
(55 ,1224):1.000000
(55 ,1225):1.000000
(55 ,1226):1.000000
(55 ,1227):1.000000
(55 ,1228):1.000000
(55 ,1229):1.000000
(55 ,1231):1.000000
(55 ,1233):1.000000
(55 ,1235):1.000000
(55 ,1237):1.000000
(57 ,275):1.000000
(57 ,711):1.000000
(58 ,237):1.000000
(58 ,327):1.000000
(58 ,466):1.000000
(58 ,485):1.000000
(58 ,625):1.000000
(58 ,757):1.000000
(58 ,802):1.000000
(58 ,1004):1.000000
(58 ,1039):1.000000
(58 ,1065):1.000000
(58 ,1089):1.000000
(58 ,1105):1.000000
(58 ,1252):1.000000
(58 ,1255):1.000000
(58 ,1256):1.000000
(58 ,1259):1.000000
(58 ,1260):1.000000
(58 ,1261):1.000000
(58 ,1262):1.000000
(58 ,1263):1.000000
(59 ,304):1.000000
(59 ,388):1.000000
(59 ,1080):1.000000
(59 ,1266):1.000000
(59 ,1267):1.000000
(59 ,1269):1.000000
(59 ,1270):1.000000
(59 ,1273):1.000000
(61 ,1092):1.000000
(62 ,573):1.000000
(62 ,739):1.000000
(62 ,894):1.000000
(63 ,529):1.000000
(63 ,624):1.000000
(63 ,715):1.000000
(63 ,1310):1.000000
(64 ,1074):1.000000
(65 ,7):1.000000
(65 ,209):1.000000
(65 ,481):1.000000
(65 ,560):1.000000
(65 ,590):1.000000
(65 ,602):1.000000
(65 ,673):1.000000
(65 ,785):1.000000
(65 ,795):1.000000
(65 ,847):1.000000
(65 ,850):1.000000
(65 ,905):1.000000
(65 ,1017):1.000000
(65 ,1043):1.000000
(65 ,1091):1.000000
(65 ,1147):1.000000
(65 ,1314):1.000000
(65 ,1315):1.000000
(65 ,1317):1.000000
(65 ,1318):1.000000
(65 ,1321):1.000000
(65 ,1323):1.000000
(65 ,1324):1.000000
(65 ,1325):1.000000
(65 ,1327):1.000000
(65 ,1328):1.000000
(66 ,392):1.000000
(66 ,460):1.000000
(66 ,810):1.000000
(66 ,1332):1.000000
(67 ,12):1.000000
(67 ,492):1.000000
(67 ,829):1.000000
(67 ,1337):1.000000
(67 ,1339):1.000000
(68 ,495):1.000000
(68 ,1378):1.000000
(69 ,1380):1.000000
(70 ,1381):1.000000
(71 ,5):1.000000
(71 ,13):1.000000
(13 ,903):1.000000
(13 ,921):1.000000
(71 ,26):1.000000
(26 ,230):1.000000
(26 ,694):1.000000
(71 ,545):1.000000
(71 ,1068):1.000000
(71 ,1096):1.000000
(71 ,1097):1.000000
(71 ,1098):1.000000
(71 ,1408):1.000000
(71 ,1409):1.000000
(72 ,557):1.000000
(72 ,1416):1.000000
(73 ,1158):1.000000
(75 ,366):1.000000
(76 ,1066):1.000000
(77 ,79):1.000000
(77 ,197):1.000000
(77 ,319):1.000000
(77 ,454):1.000000
(77 ,458):1.000000
(77 ,782):1.000000
(77 ,1472):1.000000
(77 ,1473):1.000000
(79 ,886):1.000000
(81 ,875):1.000000
(82 ,402):1.000000
(82 ,437):1.000000
(82 ,500):1.000000
(82 ,1311):1.000000
(82 ,1456):1.000000
(82 ,1510):1.000000
(83 ,865):1.000000
(83 ,1072):1.000000
(84 ,23):1.000000
(84 ,202):1.000000
(84 ,464):1.000000
(84 ,581):1.000000
(84 ,613):1.000000
(84 ,637):1.000000
(84 ,645):1.000000
(84 ,1335):1.000000
(84 ,1540):1.000000
(87 ,1007):1.000000
(87 ,1410):1.000000
(88 ,343):1.000000
(88 ,451):1.000000
(88 ,801):1.000000
(88 ,1545):1.000000
(88 ,1546):1.000000
(89 ,918):1.000000
(90 ,748):1.000000
(90 ,993):1.000000
(90 ,1157):1.000000
(90 ,1457):1.000000
(91 ,71):1.000000
(91 ,1356):1.000000
(91 ,1402):1.000000
(91 ,1427):1.000000
(92 ,310):1.000000
(92 ,540):1.000000
(92 ,889):1.000000
(92 ,916):1.000000
(92 ,1031):1.000000
(92 ,1090):1.000000
(92 ,1290):1.000000
(92 ,1401):1.000000
(92 ,1585):1.000000
(93 ,58):1.000000
(93 ,1278):1.000000
(94 ,378):1.000000
(94 ,569):1.000000
(94 ,726):1.000000
(94 ,904):1.000000
(94 ,1591):1.000000
(94 ,1592):1.000000
(94 ,1593):1.000000
(95 ,535):1.000000
(95 ,1086):1.000000
(98 ,633):1.000000
(98 ,1355):1.000000
(98 ,1606):1.000000
(99 ,3):1.000000
(100 ,329):1.000000
(100 ,1589):1.000000
(103 ,351):1.000000
(103 ,448):1.000000
(103 ,1055):1.000000
(103 ,1521):1.000000
(104 ,151):1.000000
(104 ,194):1.000000
(104 ,459):1.000000
(104 ,467):1.000000
(104 ,697):1.000000
(104 ,791):1.000000
(104 ,954):1.000000
(104 ,1168):1.000000
(104 ,1258):1.000000
(104 ,1368):1.000000
(105 ,605):1.000000
(105 ,884):1.000000
(105 ,959):1.000000
(105 ,1474):1.000000
(105 ,1529):1.000000
(105 ,1641):1.000000
(105 ,1642):1.000000
(106 ,92):1.000000
(107 ,693):1.000000
(112 ,203):1.000000
(113 ,891):1.000000
(114 ,124):1.000000
(114 ,212):1.000000
(114 ,1296):1.000000
(114 ,1610):1.000000
(116 ,3):1.000000
(116 ,840):1.000000
(116 ,1103):1.000000
(116 ,1666):1.000000
(116 ,1674):1.000000
(116 ,1675):1.000000
(119 ,763):1.000000
(120 ,87):1.000000
(120 ,1372):1.000000
(121 ,386):1.000000
(121 ,393):1.000000
(121 ,890):1.000000
(121 ,1113):1.000000
(121 ,1461):1.000000
(123 ,205):1.000000
(123 ,1247):1.000000
(123 ,1696):1.000000
(125 ,1704):1.000000
(128 ,943):1.000000
(129 ,1009):1.000000
(130 ,772):1.000000
(130 ,1366):1.000000
(131 ,1723):1.000000
(133 ,449):1.000000
(133 ,516):1.000000
(133 ,973):1.000000
(133 ,1179):1.000000
(133 ,1750):1.000000
(134 ,972):1.000000
(134 ,1664):1.000000
(135 ,71):1.000000
(136 ,3):1.000000
(136 ,316):1.000000
(136 ,468):1.000000
(136 ,555):1.000000
(136 ,1471):1.000000
(136 ,1583):1.000000
(136 ,1670):1.000000
(136 ,1706):1.000000
(136 ,1759):1.000000
(137 ,208):1.000000
(137 ,1036):1.000000
(138 ,10):1.000000
(138 ,161):1.000000
(138 ,731):1.000000
(138 ,1050):1.000000
(138 ,1212):1.000000
(138 ,1277):1.000000
(138 ,1405):1.000000
(138 ,1762):1.000000
(139 ,120):1.000000
(140 ,951):1.000000
(140 ,1449):1.000000
(140 ,1770):1.000000
(140 ,1771):1.000000
(142 ,484):1.000000
(142 ,1681):1.000000
(142 ,1775):1.000000
(142 ,1776):1.000000
(143 ,357):1.000000
(143 ,598):1.000000
(143 ,833):1.000000
(143 ,888):1.000000
(143 ,945):1.000000
(143 ,989):1.000000
(143 ,1078):1.000000
(143 ,1736):1.000000
(145 ,248):1.000000
(145 ,470):1.000000
(145 ,651):1.000000
(145 ,773):1.000000
(145 ,1246):1.000000
(145 ,1477):1.000000
(145 ,1779):1.000000
(145 ,1780):1.000000
(146 ,644):1.000000
(146 ,857):1.000000
(148 ,804):1.000000
(150 ,966):1.000000
(150 ,1442):1.000000
(150 ,1747):1.000000
(150 ,1785):1.000000
(151 ,457):1.000000
(151 ,659):1.000000
(151 ,1044):1.000000
(152 ,1720):1.000000
(154 ,608):1.000000
(155 ,380):1.000000
(155 ,493):1.000000
(155 ,650):1.000000
(155 ,842):1.000000
(155 ,944):1.000000
(155 ,962):1.000000
(155 ,963):1.000000
(155 ,968):1.000000
(155 ,1012):1.000000
(155 ,1046):1.000000
(155 ,1306):1.000000
(155 ,1554):1.000000
(155 ,1581):1.000000
(155 ,1798):1.000000
(156 ,5):1.000000
(156 ,528):1.000000
(156 ,964):1.000000
(156 ,1170):1.000000
(156 ,1538):1.000000
(159 ,45):1.000000
(159 ,381):1.000000
(159 ,474):1.000000
(159 ,1805):1.000000
(160 ,377):1.000000
(161 ,476):1.000000
(161 ,942):1.000000
(161 ,984):1.000000
(161 ,1605):1.000000
(161 ,1644):1.000000
(161 ,1778):1.000000
(162 ,68):1.000000
(162 ,1810):1.000000
(166 ,1430):1.000000
(167 ,383):1.000000
(167 ,887):1.000000
(168 ,1543):1.000000
(172 ,578):1.000000
(172 ,1825):1.000000
(175 ,494):1.000000
(177 ,1718):1.000000
(178 ,3):1.000000
(178 ,1015):1.000000
(178 ,1054):1.000000
(178 ,1280):1.000000
(178 ,1765):1.000000
(181 ,1214):1.000000
(184 ,12):1.000000
(184 ,359):1.000000
(184 ,382):1.000000
(184 ,465):1.000000
(184 ,472):1.000000
(184 ,478):1.000000
(184 ,558):1.000000
(184 ,575):1.000000
(184 ,661):1.000000
(184 ,895):1.000000
(184 ,978):1.000000
(184 ,1264):1.000000
(184 ,1511):1.000000
(184 ,1532):1.000000
(184 ,1841):1.000000
(184 ,1843):1.000000
(184 ,1879):1.000000
(187 ,1363):1.000000
(192 ,39):1.000000
(193 ,2):1.000000
(194 ,221):1.000000
(194 ,229):1.000000
(194 ,231):1.000000
(202 ,1288):1.000000
(202 ,1291):1.000000
(205 ,541):1.000000
(205 ,798):1.000000
(205 ,1069):1.000000
(205 ,1439):1.000000
(206 ,48):1.000000
(207 ,1245):1.000000
(210 ,4):1.000000
(211 ,1509):1.000000
(213 ,869):1.000000
(215 ,877):1.000000
(216 ,1421):1.000000
(218 ,1253):1.000000
(220 ,918):1.000000
(223 ,1603):1.000000
(224 ,1519):1.000000
(225 ,1512):1.000000
(226 ,1254):1.000000
(233 ,261):1.000000
(233 ,510):1.000000
(233 ,513):1.000000
(233 ,514):1.000000
(233 ,522):1.000000
(233 ,527):1.000000
(233 ,530):1.000000
(233 ,531):1.000000
(233 ,537):1.000000
(233 ,538):1.000000
(233 ,546):1.000000
(233 ,554):1.000000
(233 ,556):1.000000
(233 ,559):1.000000
(233 ,562):1.000000
(233 ,565):1.000000
(233 ,566):1.000000
(233 ,567):1.000000
(235 ,291):1.000000
(235 ,1218):1.000000
(236 ,892):1.000000
(236 ,1093):1.000000
(236 ,1329):1.000000
(236 ,1330):1.000000
(236 ,1331):1.000000
(237 ,1336):1.000000
(240 ,19):1.000000
(241 ,8):1.000000
(242 ,9):1.000000
(244 ,985):1.000000
(244 ,1382):1.000000
(245 ,61):1.000000
(246 ,207):1.000000
(247 ,12):1.000000
(247 ,313):1.000000
(247 ,475):1.000000
(249 ,175):1.000000
(249 ,979):1.000000
(249 ,1840):1.000000
(250 ,31):1.000000
(250 ,1882):1.000000
(251 ,232):1.000000
(251 ,1587):1.000000
(254 ,19):1.000000
(254 ,477):1.000000
(254 ,482):1.000000
(254 ,487):1.000000
(254 ,489):1.000000
(263 ,690):1.000000
(267 ,939):1.000000
(270 ,333):1.000000
(270 ,369):1.000000
(270 ,376):1.000000
(270 ,413):1.000000
(270 ,506):1.000000
(270 ,970):1.000000
(270 ,971):1.000000
(270 ,974):1.000000
(270 ,975):1.000000
(270 ,977):1.000000
(270 ,981):1.000000
(270 ,983):1.000000
(270 ,986):1.000000
(270 ,988):1.000000
(270 ,990):1.000000
(270 ,992):1.000000
(270 ,994):1.000000
(270 ,995):1.000000
(270 ,996):1.000000
(270 ,998):1.000000
(272 ,1035):1.000000
(280 ,344):1.000000
(280 ,1180):1.000000
(284 ,1211):1.000000
(284 ,1213):1.000000
(293 ,1284):1.000000
(296 ,626):1.000000
(300 ,1341):1.000000
(302 ,299):1.000000
(302 ,441):1.000000
(302 ,1377):1.000000
(303 ,1386):1.000000
(303 ,1388):1.000000
(307 ,583):1.000000
(307 ,987):1.000000
(312 ,5):1.000000
(313 ,1185):1.000000
(314 ,1465):1.000000
(314 ,1466):1.000000
(316 ,931):1.000000
(316 ,1367):1.000000
(322 ,1003):1.000000
(322 ,1067):1.000000
(322 ,1530):1.000000
(324 ,40):1.000000
(325 ,813):1.000000
(326 ,318):1.000000
(329 ,1171):1.000000
(330 ,732):1.000000
(330 ,1240):1.000000
(330 ,1393):1.000000
(331 ,1345):1.000000
(332 ,761):1.000000
(332 ,1599):1.000000
(335 ,37):1.000000
(335 ,706):1.000000
(335 ,716):1.000000
(335 ,1232):1.000000
(335 ,1418):1.000000
(335 ,1609):1.000000
(336 ,1476):1.000000
(337 ,499):1.000000
(337 ,655):1.000000
(337 ,730):1.000000
(337 ,872):1.000000
(337 ,947):1.000000
(337 ,1210):1.000000
(337 ,1215):1.000000
(337 ,1234):1.000000
(337 ,1289):1.000000
(337 ,1299):1.000000
(337 ,1595):1.000000
(338 ,580):1.000000
(340 ,965):1.000000
(340 ,1414):1.000000
(340 ,1636):1.000000
(343 ,1209):1.000000
(343 ,1453):1.000000
(344 ,713):1.000000
(344 ,725):1.000000
(344 ,1164):1.000000
(344 ,1342):1.000000
(344 ,1351):1.000000
(344 ,1364):1.000000
(344 ,1657):1.000000
(344 ,1658):1.000000
(344 ,1659):1.000000
(344 ,1660):1.000000
(344 ,1665):1.000000
(346 ,225):1.000000
(347 ,1677):1.000000
(349 ,270):1.000000
(352 ,1018):1.000000
(354 ,1563):1.000000
(354 ,1711):1.000000
(355 ,1145):1.000000
(357 ,463):1.000000
(357 ,582):1.000000
(357 ,1162):1.000000
(359 ,1725):1.000000
(362 ,1293):1.000000
(364 ,809):1.000000
(364 ,1156):1.000000
(365 ,819):1.000000
(365 ,1601):1.000000
(366 ,399):1.000000
(366 ,1753):1.000000
(367 ,65):1.000000
(367 ,908):1.000000
(370 ,205):1.000000
(370 ,1431):1.000000
(371 ,72):1.000000
(371 ,1740):1.000000
(375 ,1744):1.000000
(376 ,656):1.000000
(377 ,15):1.000000
(377 ,1166):1.000000
(381 ,576):1.000000
(381 ,927):1.000000
(381 ,1183):1.000000
(381 ,1596):1.000000
(383 ,595):1.000000
(385 ,432):1.000000
(385 ,1000):1.000000
(385 ,1151):1.000000
(385 ,1384):1.000000
(386 ,1165):1.000000
(386 ,1483):1.000000
(386 ,1808):1.000000
(390 ,50):1.000000
(391 ,130):1.000000
(392 ,868):1.000000
(392 ,906):1.000000
(392 ,1279):1.000000
(392 ,1371):1.000000
(392 ,1513):1.000000
(392 ,1632):1.000000
(394 ,1441):1.000000
(395 ,38):1.000000
(403 ,601):1.000000
(404 ,173):1.000000
(405 ,371):1.000000
(405 ,1851):1.000000
(407 ,1582):1.000000
(408 ,176):1.000000
(408 ,911):1.000000
(412 ,59):1.000000
(412 ,703):1.000000
(412 ,767):1.000000
(412 ,1475):1.000000
(412 ,1871):1.000000
(416 ,1418):1.000000
(418 ,270):1.000000
(418 ,1186):1.000000
(420 ,5):1.000000
(420 ,1482):1.000000
(420 ,1873):1.000000
(421 ,588):1.000000
(424 ,1722):1.000000
(431 ,591):1.000000
(431 ,1150):1.000000
(431 ,1454):1.000000
(444 ,1063):1.000000
(445 ,174):1.000000
(445 ,508):1.000000
(445 ,834):1.000000
(445 ,871):1.000000
(445 ,900):1.000000
(445 ,952):1.000000
(445 ,1081):1.000000
(445 ,1082):1.000000
(445 ,1083):1.000000
(445 ,1094):1.000000
(445 ,1099):1.000000
(445 ,1100):1.000000
(445 ,1108):1.000000
(447 ,1016):1.000000
(448 ,1178):1.000000
(449 ,909):1.000000
(449 ,1184):1.000000
(452 ,1395):1.000000
(453 ,479):1.000000
(456 ,53):1.000000
(456 ,1480):1.000000
(458 ,1508):1.000000
(461 ,932):1.000000
(463 ,1413):1.000000
(463 ,1594):1.000000
(464 ,960):1.000000
(466 ,866):1.000000
(467 ,724):1.000000
(467 ,1182):1.000000
(468 ,832):1.000000
(468 ,1326):1.000000
(469 ,114):1.000000
(469 ,606):1.000000
(471 ,662):1.000000
(476 ,1444):1.000000
(476 ,1699):1.000000
(476 ,1700):1.000000
(480 ,1731):1.000000
(483 ,7):1.000000
(483 ,379):1.000000
(483 ,1446):1.000000
(483 ,1464):1.000000
(490 ,1763):1.000000
(496 ,641):1.000000
(496 ,1319):1.000000
(497 ,120):1.000000
(497 ,1365):1.000000
(497 ,1791):1.000000
(498 ,337):1.000000
(499 ,1447):1.000000
(502 ,77):1.000000
(503 ,89):1.000000
(503 ,1838):1.000000
(511 ,905):1.000000
(516 ,1287):1.000000
(519 ,1343):1.000000
(519 ,1459):1.000000
(526 ,918):1.000000
(528 ,1161):1.000000
(534 ,1579):1.000000
(534 ,1580):1.000000
(536 ,841):1.000000
(539 ,1561):1.000000
(545 ,1743):1.000000
(561 ,576):1.000000
(573 ,589):1.000000
(573 ,629):1.000000
(573 ,915):1.000000
(573 ,917):1.000000
(573 ,919):1.000000
(573 ,920):1.000000
(573 ,923):1.000000
(573 ,924):1.000000
(573 ,929):1.000000
(573 ,930):1.000000
(573 ,933):1.000000
(574 ,969):1.000000
(575 ,1527):1.000000
(578 ,913):1.000000
(578 ,961):1.000000
(583 ,1448):1.000000
(585 ,83):1.000000
(587 ,657):1.000000
(592 ,21):1.000000
(593 ,112):1.000000
(594 ,907):1.000000
(594 ,1274):1.000000
(594 ,1350):1.000000
(595 ,1061):1.000000
(596 ,125):1.000000
(596 ,1768):1.000000
(599 ,771):1.000000
(599 ,814):1.000000
(599 ,938):1.000000
(599 ,1597):1.000000
(599 ,1801):1.000000
(601 ,1804):1.000000
(602 ,806):1.000000
(602 ,855):1.000000
(602 ,893):1.000000
(602 ,941):1.000000
(602 ,1467):1.000000
(602 ,1863):1.000000
(603 ,83):1.000000
(604 ,137):1.000000
(604 ,1896):1.000000
(605 ,572):1.000000
(572 ,570):1.000000
(605 ,607):1.000000
(605 ,611):1.000000
(609 ,1241):1.000000
(612 ,25):1.000000
(612 ,1730):1.000000
(612 ,1845):1.000000
(626 ,1346):1.000000
(627 ,1383):1.000000
(629 ,849):1.000000
(629 ,1434):1.000000
(630 ,1006):1.000000
(631 ,1481):1.000000
(632 ,1294):1.000000
(632 ,1515):1.000000
(633 ,1535):1.000000
(635 ,1556):1.000000
(635 ,1557):1.000000
(636 ,568):1.000000
(636 ,777):1.000000
(636 ,1062):1.000000
(636 ,1095):1.000000
(636 ,1197):1.000000
(636 ,1238):1.000000
(636 ,1558):1.000000
(636 ,1559):1.000000
(636 ,1562):1.000000
(636 ,1565):1.000000
(636 ,1566):1.000000
(636 ,1567):1.000000
(636 ,1568):1.000000
(636 ,1569):1.000000
(636 ,1570):1.000000
(636 ,1571):1.000000
(636 ,1572):1.000000
(636 ,1573):1.000000
(636 ,1574):1.000000
(636 ,1575):1.000000
(636 ,1576):1.000000
(637 ,1486):1.000000
(639 ,1633):1.000000
(641 ,1051):1.000000
(641 ,1645):1.000000
(641 ,1646):1.000000
(641 ,1647):1.000000
(641 ,1648):1.000000
(646 ,1692):1.000000
(647 ,77):1.000000
(648 ,266):1.000000
(648 ,770):1.000000
(597 ,770):1.000000
(653 ,1426):1.000000
(657 ,1783):1.000000
(658 ,756):1.000000
(658 ,1784):1.000000
(668 ,1061):1.000000
(668 ,1635):1.000000
(668 ,1738):1.000000
(668 ,1827):1.000000
(668 ,1828):1.000000
(668 ,1829):1.000000
(668 ,1830):1.000000
(668 ,1831):1.000000
(668 ,1832):1.000000
(672 ,438):1.000000
(438 ,1484):1.000000
(672 ,505):1.000000
(672 ,775):1.000000
(672 ,803):1.000000
(672 ,1024):1.000000
(672 ,1320):1.000000
(672 ,1848):1.000000
(672 ,1849):1.000000
(673 ,901):1.000000
(673 ,1564):1.000000
(673 ,1853):1.000000
(680 ,5):1.000000
(681 ,8):1.000000
(682 ,5):1.000000
(688 ,335):1.000000
(688 ,1643):1.000000
(691 ,11):1.000000
(691 ,1048):1.000000
(691 ,1244):1.000000
(696 ,24):1.000000
(697 ,1705):1.000000
(697 ,1708):1.000000
(697 ,1709):1.000000
(701 ,274):1.000000
(704 ,337):1.000000
(708 ,41):1.000000
(450 ,708):1.000000
(710 ,736):1.000000
(713 ,1295):1.000000
(717 ,1389):1.000000
(719 ,271):1.000000
(719 ,320):1.000000
(719 ,455):1.000000
(719 ,524):1.000000
(719 ,532):1.000000
(719 ,1027):1.000000
(719 ,1084):1.000000
(719 ,1283):1.000000
(719 ,1297):1.000000
(719 ,1487):1.000000
(719 ,1488):1.000000
(719 ,1490):1.000000
(719 ,1491):1.000000
(719 ,1492):1.000000
(719 ,1493):1.000000
(719 ,1494):1.000000
(719 ,1495):1.000000
(719 ,1498):1.000000
(719 ,1499):1.000000
(719 ,1500):1.000000
(719 ,1501):1.000000
(719 ,1502):1.000000
(719 ,1503):1.000000
(719 ,1504):1.000000
(719 ,1505):1.000000
(724 ,1612):1.000000
(724 ,1614):1.000000
(725 ,1049):1.000000
(725 ,1174):1.000000
(726 ,1619):1.000000
(729 ,1716):1.000000
(730 ,1440):1.000000
(731 ,1525):1.000000
(731 ,1792):1.000000
(731 ,1793):1.000000
(731 ,1794):1.000000
(731 ,1796):1.000000
(732 ,735):1.000000
(732 ,737):1.000000
(742 ,39):1.000000
(743 ,57):1.000000
(748 ,1373):1.000000
(754 ,236):1.000000
(761 ,885):1.000000
(763 ,1607):1.000000
(765 ,327):1.000000
(774 ,1741):1.000000
(775 ,1608):1.000000
(776 ,1464):1.000000
(781 ,1673):1.000000
(781 ,1766):1.000000
(785 ,1533):1.000000
(786 ,1374):1.000000
(787 ,1173):1.000000
(789 ,145):1.000000
(796 ,818):1.000000
(796 ,1403):1.000000
(797 ,1369):1.000000
(800 ,55):1.000000
(810 ,1701):1.000000
(811 ,1712):1.000000
(811 ,1713):1.000000
(813 ,928):1.000000
(817 ,7):1.000000
(820 ,1719):1.000000
(821 ,1758):1.000000
(825 ,300):1.000000
(833 ,1539):1.000000
(836 ,7):1.000000
(837 ,7):1.000000
(840 ,870):1.000000
(840 ,1812):1.000000
(847 ,1826):1.000000
(849 ,853):1.000000
(849 ,1817):1.000000
(850 ,862):1.000000
(850 ,1598):1.000000
(850 ,1837):1.000000
(856 ,7):1.000000
(859 ,7):1.000000
(861 ,668):1.000000
(865 ,1032):1.000000
(868 ,1053):1.000000
(868 ,1056):1.000000
(868 ,1057):1.000000
(868 ,1058):1.000000
(868 ,1059):1.000000
(878 ,317):1.000000
(878 ,1734):1.000000
(879 ,8):1.000000
(883 ,8):1.000000
(887 ,1611):1.000000
(889 ,1672):1.000000
(890 ,1021):1.000000
(890 ,1433):1.000000
(901 ,1819):1.000000
(901 ,1820):1.000000
(902 ,811):1.000000
(903 ,1412):1.000000
(905 ,1106):1.000000
(905 ,1248):1.000000
(907 ,1344):1.000000
(910 ,1052):1.000000
(913 ,937):1.000000
(921 ,1671):1.000000
(922 ,104):1.000000
(925 ,818):1.000000
(935 ,482):1.000000
(936 ,4):1.000000
(936 ,1875):1.000000
(940 ,267):1.000000
(941 ,1451):1.000000
(941 ,1452):1.000000
(945 ,1773):1.000000
(947 ,1030):1.000000
(947 ,1348):1.000000
(947 ,1352):1.000000
(947 ,1353):1.000000
(947 ,1357):1.000000
(947 ,1358):1.000000
(947 ,1359):1.000000
(947 ,1360):1.000000
(947 ,1361):1.000000
(951 ,1522):1.000000
(954 ,749):1.000000
(954 ,1249):1.000000
(954 ,1250):1.000000
(961 ,1652):1.000000
(963 ,1683):1.000000
(963 ,1684):1.000000
(963 ,1685):1.000000
(963 ,1686):1.000000
(963 ,1687):1.000000
(979 ,1690):1.000000
(980 ,270):1.000000
(982 ,445):1.000000
(991 ,1256):1.000000
(1002 ,1192):1.000000
(1008 ,83):1.000000
(1013 ,41):1.000000
(1014 ,45):1.000000
(1019 ,943):1.000000
(1020 ,776):1.000000
(1026 ,1391):1.000000
(1026 ,1811):1.000000
(1034 ,282):1.000000
(1040 ,48):1.000000
(1040 ,1514):1.000000
(1042 ,198):1.000000
(1047 ,734):1.000000
(1052 ,1814):1.000000
(1070 ,1023):1.000000
(1070 ,1088):1.000000
(1070 ,1458):1.000000
(1071 ,327):1.000000
(1071 ,1724):1.000000
(1093 ,1715):1.000000
(1101 ,589):1.000000
(1104 ,110):1.000000
(1105 ,1115):1.000000
(1107 ,891):1.000000
(1115 ,1537):1.000000
(1115 ,1604):1.000000
(1145 ,1772):1.000000
(1148 ,1541):1.000000
(1149 ,50):1.000000
(1153 ,161):1.000000
(1156 ,1172):1.000000
(1157 ,1202):1.000000
(1157 ,1276):1.000000
(1157 ,1281):1.000000
(1159 ,447):1.000000
(1163 ,447):1.000000
(1167 ,141):1.000000
(1169 ,740):1.000000
(1175 ,12):1.000000
(1181 ,968):1.000000
(1185 ,1102):1.000000
(1185 ,1865):1.000000
(1185 ,1866):1.000000
(1194 ,61):1.000000
(1198 ,1742):1.000000
(1203 ,51):1.000000
(1204 ,129):1.000000
(1204 ,1855):1.000000
(1205 ,1856):1.000000
(1206 ,412):1.000000
(1206 ,1883):1.000000
(1208 ,184):1.000000
(1214 ,1584):1.000000
(1214 ,1749):1.000000
(1214 ,1844):1.000000
(1215 ,1216):1.000000
(1217 ,19):1.000000
(1223 ,232):1.000000
(1223 ,1577):1.000000
(1231 ,1347):1.000000
(1242 ,1156):1.000000
(1243 ,1242):1.000000
(1246 ,1307):1.000000
(1246 ,1316):1.000000
(1257 ,325):1.000000
(1265 ,825):1.000000
(1272 ,115):1.000000
(1282 ,123):1.000000
(1287 ,1354):1.000000
(1287 ,1422):1.000000
(1287 ,1423):1.000000
(1287 ,1425):1.000000
(1290 ,1550):1.000000
(1292 ,633):1.000000
(1298 ,576):1.000000
(1300 ,1267):1.000000
(1301 ,61):1.000000
(1302 ,746):1.000000
(1303 ,37):1.000000
(1307 ,1737):1.000000
(1308 ,62):1.000000
(1309 ,69):1.000000
(1312 ,342):1.000000
(1322 ,807):1.000000
(1325 ,1688):1.000000
(1338 ,67):1.000000
(1340 ,716):1.000000
(1355 ,1146):1.000000
(1362 ,282):1.000000
(1370 ,344):1.000000
(1370 ,1777):1.000000
(1375 ,125):1.000000
(1375 ,1881):1.000000
(1379 ,731):1.000000
(1379 ,1836):1.000000
(1382 ,1553):1.000000
(1384 ,1196):1.000000
(1392 ,287):1.000000
(1398 ,244):1.000000
(1399 ,84):1.000000
(1406 ,48):1.000000
(1407 ,18):1.000000
(1411 ,943):1.000000
(1415 ,309):1.000000
(1417 ,72):1.000000
(1419 ,275):1.000000
(1431 ,1669):1.000000
(1438 ,692):1.000000
(1443 ,65):1.000000
(1450 ,207):1.000000
(1455 ,100):1.000000
(1455 ,1613):1.000000
(1455 ,1618):1.000000
(1455 ,1626):1.000000
(1455 ,1627):1.000000
(1455 ,1628):1.000000
(1455 ,1629):1.000000
(1455 ,1630):1.000000
(1455 ,1631):1.000000
(1460 ,519):1.000000
(1463 ,325):1.000000
(1468 ,599):1.000000
(1469 ,76):1.000000
(1479 ,87):1.000000
(1484 ,1891):1.000000
(1489 ,641):1.000000
(1506 ,83):1.000000
(1511 ,504):1.000000
(1513 ,1275):1.000000
(1516 ,612):1.000000
(1517 ,632):1.000000
(1518 ,61):1.000000
(1520 ,83):1.000000
(1524 ,498):1.000000
(1528 ,419):1.000000
(1534 ,633):1.000000
(1536 ,150):1.000000
(1542 ,1119):1.000000
(1542 ,1893):1.000000
(1544 ,123):1.000000
(1547 ,464):1.000000
(1548 ,123):1.000000
(1548 ,1839):1.000000
(1551 ,326):1.000000
(1552 ,470):1.000000
(1555 ,344):1.000000
(1578 ,1258):1.000000
(1590 ,617):1.000000
(1600 ,332):1.000000
(1602 ,333):1.000000
(1608 ,1728):1.000000
(1615 ,724):1.000000
(1617 ,206):1.000000
(1622 ,337):1.000000
(1623 ,95):1.000000
(1634 ,639):1.000000
(1638 ,104):1.000000
(1639 ,202):1.000000
(1640 ,347):1.000000
(1649 ,641):1.000000
(1649 ,1815):1.000000
(1651 ,1104):1.000000
(1653 ,599):1.000000
(1654 ,302):1.000000
(1655 ,108):1.000000
(1656 ,108):1.000000
(1661 ,359):1.000000
(1662 ,344):1.000000
(1663 ,344):1.000000
(1667 ,545):1.000000
(1668 ,888):1.000000
(1676 ,1090):1.000000
(1680 ,1042):1.000000
(1682 ,1488):1.000000
(1691 ,122):1.000000
(1693 ,474):1.000000
(1694 ,474):1.000000
(1694 ,1735):1.000000
(1695 ,1091):1.000000
(1697 ,122):1.000000
(1698 ,268):1.000000
(1702 ,352):1.000000
(1703 ,75):1.000000
(1707 ,697):1.000000
(1717 ,478):1.000000
(1721 ,343):1.000000
(1726 ,359):1.000000
(1729 ,272):1.000000
(1732 ,1212):1.000000
(1748 ,652):1.000000
(1751 ,416):1.000000
(1752 ,366):1.000000
(1755 ,142):1.000000
(1755 ,1756):1.000000
(1757 ,773):1.000000
(1764 ,18):1.000000
(1767 ,74):1.000000
(1769 ,1112):1.000000
(1781 ,146):1.000000
(1782 ,1544):1.000000
(1786 ,785):1.000000
(1789 ,993):1.000000
(1790 ,160):1.000000
(1799 ,155):1.000000
(1803 ,178):1.000000
(1806 ,98):1.000000
(1809 ,386):1.000000
(1813 ,167):1.000000
(1816 ,110):1.000000
(1818 ,1799):1.000000
(1821 ,836):1.000000
(1834 ,920):1.000000
(1846 ,1685):1.000000
(1850 ,405):1.000000
(1850 ,1859):1.000000
(1854 ,122):1.000000
(1857 ,332):1.000000
(1860 ,403):1.000000
(1861 ,1311):1.000000
(1861 ,1862):1.000000
(1868 ,993):1.000000
(1870 ,602):1.000000
(1874 ,483):1.000000
(1877 ,736):1.000000
(1884 ,377):1.000000
(1887 ,879):1.000000
(1888 ,1887):1.000000
(1892 ,438):1.000000
(1894 ,1602):1.000000
(1895 ,529):1.000000
(1897 ,651):1.000000
(1898 ,60):1.000000
(1899 ,51):1.000000
(1 ,14):2.000000
(5 ,620):2.000000
(6 ,705):2.000000
(7 ,845):2.000000
(19 ,1176):2.000000
(50 ,1131):2.000000
(50 ,1138):2.000000
(66 ,1333):2.000000
(525 ,1333):1.000000
(77 ,1470):2.000000
(155 ,1800):2.000000
(156 ,1802):2.000000
(187 ,1394):2.000000
(233 ,550):2.000000
(270 ,997):2.000000
(270 ,999):2.000000
(312 ,1462):2.000000
(340 ,1637):2.000000
(458 ,1507):2.000000
(573 ,934):2.000000
(577 ,4):2.000000
(594 ,1746):2.000000
(595 ,549):2.000000
(627 ,1385):2.000000
(719 ,1485):2.000000
(719 ,1496):2.000000
(731 ,1795):2.000000
(734 ,1045):2.000000
(742 ,1239):2.000000
(761 ,1588):2.000000
(770 ,1390):2.000000
(786 ,1788):2.000000
(926 ,1787):2.000000
(946 ,268):2.000000
(951 ,1478):2.000000
(956 ,574):2.000000
(1025 ,45):2.000000
(1033 ,271):2.000000
(1052 ,1774):2.000000
(1102 ,1733):2.000000
(1155 ,760):2.000000
(1185 ,1864):2.000000
(1236 ,55):2.000000
(1251 ,58):2.000000
(1268 ,59):2.000000
(1271 ,59):2.000000
(1307 ,1739):2.000000
(1392 ,1650):2.000000
(1404 ,796):2.000000
(1445 ,1019):2.000000
(1455 ,1625):2.000000
(1523 ,123):2.000000
(1549 ,89):2.000000
(1586 ,330):2.000000
(1616 ,336):2.000000
(1621 ,337):2.000000
(1678 ,347):2.000000
(1679 ,1310):2.000000
(1689 ,767):2.000000
(1727 ,813):2.000000
(1745 ,587):2.000000
(1754 ,1640):2.000000
(1760 ,545):2.000000
(1797 ,381):2.000000
(1807 ,1135):2.000000
(1824 ,1808):2.000000
(1835 ,502):2.000000
(1846 ,1878):2.000000
(1858 ,1108):2.000000
(1869 ,410):2.000000
(1876 ,878):2.000000
(1880 ,184):2.000000
(9 ,1076):3.000000
(17 ,1):3.000000
(21 ,1435):3.000000
(21 ,1437):3.000000
(436 ,254):3.000000
(439 ,252):3.000000
(571 ,260):3.000000
(719 ,1497):3.000000
(1060 ,1185):3.000000
(1287 ,1424):3.000000
(1334 ,66):3.000000
(1526 ,321):3.000000
(1531 ,322):3.000000
(1560 ,636):3.000000
(1620 ,337):3.000000
(1833 ,668):3.000000
(1842 ,811):3.000000
(4 ,614):4.000000
(405 ,1852):4.000000
(811 ,1714):4.000000
(1714 ,1867):1.000000
(1710 ,1311):4.000000
(1761 ,138):4.000000
(50 ,1120):5.000000
(1847 ,672):5.000000
(1872 ,412):5.000000
(189 ,3):10.000000
