1899
1 "1" -159.57983 161.09056 0.0
2 "2" -61.70468 -156.6696 0.0
3 "3" 487.83774 293.97726 0.0
4 "30" 38.27823 469.25308 0.0
5 "32" -177.18365 165.37364 0.0
6 "36" 197.60757 -169.53517 0.0
7 "42" 168.4 58.314556 0.0
8 "44" -144.1683 204.56554 0.0
9 "101" -392.2994 280.09732 0.0
10 "123" -335.29373 439.2839 0.0
11 "132" -486.29626 -217.41881 0.0
12 "135" -226.48676 14.1606865 0.0
13 "146" 122.51767 -442.64832 0.0
14 "159" 130.00528 -254.6015 0.0
15 "161" 145.45609 -474.9808 0.0
16 "211" -351.6748 -21.364918 0.0
17 "255" -302.42508 -228.29073 0.0
18 "281" -356.89926 138.81151 0.0
19 "302" -116.24417 150.84142 0.0
20 "312" -241.98358 61.970318 0.0
21 "323" 228.16037 464.58304 0.0
22 "397" -272.4835 -379.26727 0.0
23 "477" -241.14911 -333.0969 0.0
24 "652" -298.10635 -226.63124 0.0
25 "856" -33.395813 -211.06096 0.0
26 "1014" -461.12976 315.78683 0.0
27 "1271" 45.418365 -422.56842 0.0
28 "1312" 418.881 296.4354 0.0
29 "1440" -208.05908 158.26842 0.0
30 "1626" 376.6157 266.02072 0.0
31 "1655" 292.02255 389.7184 0.0
32 "1675" -142.01538 277.1121 0.0
33 "1779" 54.827423 -46.27309 0.0
34 "1790" 209.51852 -176.88368 0.0
35 "4" -431.59262 -351.31854 0.0
36 "9" 86.31839 -288.22934 0.0
37 "26" 345.37405 -206.65373 0.0
38 "27" 125.02078 205.21526 0.0
39 "41" 403.27975 129.20311 0.0
40 "51" -130.1536 -373.12924 0.0
41 "58" -218.4559 117.225204 0.0
42 "60" -137.34897 34.76176 0.0
43 "62" 135.23978 65.15007 0.0
44 "68" 11.999662 491.58896 0.0
45 "72" -334.2213 92.60533 0.0
46 "83" -158.36392 -76.230545 0.0
47 "84" -350.48593 -456.01776 0.0
48 "88" -14.678011 -445.17456 0.0
49 "99" -392.49707 92.73888 0.0
50 "105" 342.87064 422.91934 0.0
51 "144" -276.85135 445.85562 0.0
52 "155" -358.6975 -452.0059 0.0
53 "172" 459.1696 253.45366 0.0
54 "173" -244.59888 -99.106064 0.0
55 "176" 451.31784 -443.87375 0.0
56 "180" 33.549713 445.00296 0.0
57 "185" -336.50317 -138.67735 0.0
58 "194" 47.579742 170.35503 0.0
59 "199" 477.40463 -269.8384 0.0
60 "221" -360.53506 220.83037 0.0
61 "224" -140.44434 -422.65665 0.0
62 "234" -126.95438 -73.02974 0.0
63 "242" -0.4904496 239.36473 0.0
64 "243" -484.4302 -199.8962 0.0
65 "249" -154.63586 -249.96602 0.0
66 "252" -28.311586 317.89572 0.0
67 "257" -223.95609 -322.68118 0.0
68 "283" 171.64517 -362.91232 0.0
69 "285" 244.64395 321.85208 0.0
70 "288" -224.24884 206.12016 0.0
71 "308" -396.93594 54.95683 0.0
72 "317" 198.83731 -381.51447 0.0
73 "333" 475.39597 82.842575 0.0
74 "338" 381.2289 -52.92281 0.0
75 "346" -13.997927 -36.33605 0.0
76 "371" -63.112457 230.46379 0.0
77 "372" -132.04932 275.42062 0.0
78 "374" 294.71848 -256.06818 0.0
79 "385" -21.549807 -64.78203 0.0
80 "394" -284.35846 181.3029 0.0
81 "408" 30.150175 -195.80385 0.0
82 "415" -384.12344 -102.05214 0.0
83 "475" 410.6544 377.47433 0.0
84 "482" 455.99496 -78.91795 0.0
85 "487" -192.68228 -445.2536 0.0
86 "488" -434.35843 -479.6584 0.0
87 "495" -19.626009 -285.2974 0.0
88 "498" -334.5689 -250.19609 0.0
89 "504" 434.67105 -424.7579 0.0
90 "509" -479.6235 -477.97086 0.0
91 "545" -71.237366 -388.52103 0.0
92 "555" 113.30734 455.36557 0.0
93 "569" -270.1641 124.83397 0.0
94 "582" -37.912262 -52.327442 0.0
95 "590" 273.92838 409.04343 0.0
96 "610" -278.95407 -327.21793 0.0
97 "611" 423.11575 -157.29405 0.0
98 "615" 4.8772874 -29.568134 0.0
99 "618" -175.17258 153.02562 0.0
100 "640" 452.3865 406.06808 0.0
101 "641" -26.825747 -458.29907 0.0
102 "645" 407.78397 113.8289 0.0
103 "681" 448.14908 -158.55324 0.0
104 "687" 238.85501 404.18527 0.0
105 "697" 465.78665 380.42563 0.0
106 "700" 234.17007 -482.8711 0.0
107 "701" 310.84756 -228.09569 0.0
108 "711" 225.60721 332.46036 0.0
109 "731" 443.31577 417.74063 0.0
110 "740" -432.1904 310.64688 0.0
111 "741" 70.97684 116.84398 0.0
112 "752" -127.19919 -69.11934 0.0
113 "754" -237.4299 -196.45784 0.0
114 "768" -54.165497 417.3842 0.0
115 "778" 239.4852 105.82732 0.0
116 "781" -302.3454 -399.3265 0.0
117 "782" -171.30106 109.74107 0.0
118 "790" 418.6951 347.40207 0.0
119 "794" 185.62564 443.6995 0.0
120 "800" -307.65063 110.575485 0.0
121 "810" -197.21854 -444.6534 0.0
122 "814" 397.29074 -198.66197 0.0
123 "823" -491.3624 -156.4352 0.0
124 "824" -297.0725 364.19797 0.0
125 "840" -369.23386 129.55968 0.0
126 "846" -302.57266 149.47215 0.0
127 "865" -251.64233 -196.52504 0.0
128 "881" 304.34732 419.8948 0.0
129 "893" -8.583803 -133.21672 0.0
130 "928" 441.7576 102.748276 0.0
131 "933" -342.58554 5.737408 0.0
132 "970" -43.15155 204.53929 0.0
133 "1042" -489.0821 -222.54506 0.0
134 "1103" -270.6392 142.15721 0.0
135 "1110" -492.33606 -32.2506 0.0
136 "1113" 478.78458 -387.3849 0.0
137 "1117" -158.1925 188.60905 0.0
138 "1127" 233.11728 -477.11172 0.0
139 "1154" 153.52231 -176.7357 0.0
140 "1167" 121.07968 -67.97029 0.0
141 "1180" 453.87338 498.07358 0.0
142 "1183" 135.03537 -80.34508 0.0
143 "1185" -175.14844 362.99606 0.0
144 "1187" -221.5362 -211.94603 0.0
145 "1189" 234.68973 -403.7909 0.0
146 "1190" 59.68582 29.600811 0.0
147 "1192" -127.94522 -286.53162 0.0
148 "1196" 122.64542 46.796307 0.0
149 "1208" 247.43735 459.09482 0.0
150 "1231" -84.09982 -300.80698 0.0
151 "1237" -63.96283 283.01505 0.0
152 "1249" -307.42447 369.61636 0.0
153 "1262" 243.6688 -332.93103 0.0
154 "1270" -193.10977 391.50815 0.0
155 "1281" 265.689 -146.16304 0.0
156 "1285" 226.9606 359.88516 0.0
157 "1288" -221.32672 -147.47014 0.0
158 "1315" 418.9435 60.317608 0.0
159 "1317" 155.5466 -50.977253 0.0
160 "1335" -225.81989 493.49722 0.0
161 "1340" 27.098051 330.9025 0.0
162 "1343" -451.14807 -252.62132 0.0
163 "1344" -273.71167 -146.56093 0.0
164 "1349" 364.76535 274.54196 0.0
165 "1352" -353.51743 418.67874 0.0
166 "1371" -319.77045 469.33743 0.0
167 "1373" -479.27933 -82.603226 0.0
168 "1412" 281.59543 307.53964 0.0
169 "1415" 286.36093 192.43626 0.0
170 "1419" -231.12408 210.64946 0.0
171 "1461" -362.08835 21.999004 0.0
172 "1463" 212.96658 227.64867 0.0
173 "1501" -409.40976 -307.2575 0.0
174 "1510" -352.65927 88.925095 0.0
175 "1565" 378.12747 335.0779 0.0
176 "1577" -176.30856 -319.7498 0.0
177 "1578" -209.44043 -173.14949 0.0
178 "1585" -291.1533 9.105267 0.0
179 "1609" -378.77155 -263.37405 0.0
180 "1620" -470.6154 -208.68336 0.0
181 "1649" 236.93686 474.0922 0.0
182 "1662" -219.27335 372.87393 0.0
183 "1711" 411.18082 -457.37213 0.0
184 "1713" -490.90988 -180.03014 0.0
185 "1728" 467.60977 -452.12418 0.0
186 "1738" 347.53043 -340.28616 0.0
187 "1748" 469.34036 406.2001 0.0
188 "1751" 241.40738 -65.36418 0.0
189 "1784" -340.5236 18.193707 0.0
190 "1793" -466.04065 -53.988667 0.0
191 "1795" -390.83536 -475.05664 0.0
192 "1807" 99.27255 304.20145 0.0
193 "5" -438.25763 148.54643 0.0
194 "6" -492.2172 -321.38287 0.0
195 "7" 275.009 -466.58514 0.0
196 "48" -211.45007 -54.419666 0.0
197 "73" 258.38077 451.18942 0.0
198 "90" 212.8945 269.2684 0.0
199 "122" -322.33582 -290.37347 0.0
200 "124" -334.4083 19.093243 0.0
201 "201" 357.41055 114.60948 0.0
202 "212" -407.3361 326.27933 0.0
203 "278" 249.29001 374.4752 0.0
204 "299" 218.92038 -486.9299 0.0
205 "325" 454.65042 -92.86461 0.0
206 "335" -286.26077 -410.09427 0.0
207 "343" 390.40305 -386.9886 0.0
208 "376" 250.19168 -490.92105 0.0
209 "378" -30.396334 -189.40904 0.0
210 "404" 450.4587 -112.20949 0.0
211 "413" -268.4267 -303.54742 0.0
212 "422" -460.40738 469.18912 0.0
213 "439" -298.86893 -112.10469 0.0
214 "472" -359.97427 -323.10446 0.0
215 "479" 382.48666 -166.15288 0.0
216 "481" 30.833036 236.67381 0.0
217 "515" -299.43286 138.51738 0.0
218 "540" -131.39566 -11.672993 0.0
219 "566" -108.97043 132.29582 0.0
220 "578" -179.11551 -308.44058 0.0
221 "591" 309.93686 345.69052 0.0
222 "597" 298.49167 -158.54008 0.0
223 "603" -114.9483 -105.36351 0.0
224 "636" 489.62473 252.42686 0.0
225 "642" 462.92868 169.29405 0.0
226 "686" 196.52304 443.76785 0.0
227 "712" -380.53687 -366.5017 0.0
228 "753" -445.4572 -334.12817 0.0
229 "833" -403.72018 -11.6934395 0.0
230 "1020" 73.86636 -257.23456 0.0
231 "1174" -98.67767 430.63187 0.0
232 "8" 85.66165 -224.97014 0.0
233 "19" -230.76913 246.73949 0.0
234 "23" -402.63818 146.46751 0.0
235 "164" 115.571014 -479.57837 0.0
236 "250" -234.16568 208.57268 0.0
237 "254" -161.29486 306.95517 0.0
238 "349" -317.43652 478.77408 0.0
239 "395" 324.07217 226.48656 0.0
240 "403" -68.430664 181.5819 0.0
241 "430" -212.13031 64.27623 0.0
242 "557" 428.63834 486.18466 0.0
243 "624" -339.392 -369.72476 0.0
244 "644" 379.54312 -150.29335 0.0
245 "771" -444.26657 -173.2064 0.0
246 "834" -194.72003 462.25015 0.0
247 "1000" 494.49277 -399.43753 0.0
248 "1238" -26.046175 -91.9893 0.0
249 "1522" -34.560303 214.27751 0.0
250 "1756" 251.79257 -193.83244 0.0
251 "1799" 85.458466 62.7523 0.0
252 "10" 339.87418 375.9163 0.0
253 "11" -401.09155 80.09947 0.0
254 "12" -401.49887 -418.07623 0.0
255 "14" -297.53183 -363.10526 0.0
256 "15" 177.75882 -240.35002 0.0
257 "16" -284.5149 -289.92953 0.0
258 "17" -29.354647 394.39548 0.0
259 "18" 429.11398 23.322186 0.0
260 "20" -15.73694 33.597454 0.0
261 "22" -437.74826 -197.898 0.0
262 "24" -415.08804 148.81035 0.0
263 "34" 128.25589 -235.18843 0.0
264 "40" 214.52841 131.97307 0.0
265 "49" -326.34268 -19.404102 0.0
266 "52" -401.23715 -490.02356 0.0
267 "56" 288.55734 264.17874 0.0
268 "61" 171.0922 -107.78914 0.0
269 "64" 8.123014 -150.53029 0.0
270 "67" 422.7148 127.686325 0.0
271 "76" -274.42587 186.21117 0.0
272 "78" 154.57639 -358.51724 0.0
273 "86" 19.278654 -162.27657 0.0
274 "97" 155.72714 -55.298878 0.0
275 "109" 360.0529 -377.15488 0.0
276 "120" -338.68704 -132.24944 0.0
277 "121" 9.487089 341.454 0.0
278 "127" 53.853302 153.72166 0.0
279 "136" -453.90488 -349.50568 0.0
280 "142" -336.93863 -333.2423 0.0
281 "148" 363.31223 -83.77611 0.0
282 "149" 192.31326 -380.2471 0.0
283 "150" -328.15683 158.4348 0.0
284 "151" 253.9744 -93.63231 0.0
285 "152" -491.41293 -476.31046 0.0
286 "153" -268.85764 -165.7325 0.0
287 "154" 5.3447556 77.15398 0.0
288 "157" 199.96896 299.6544 0.0
289 "165" -297.2617 86.3972 0.0
290 "175" 444.57278 -282.42532 0.0
291 "177" 8.251432 385.5687 0.0
292 "190" 175.65793 -171.84868 0.0
293 "209" -7.976564 -145.34978 0.0
294 "216" 424.30472 -164.19856 0.0
295 "233" -409.99155 -473.98 0.0
296 "235" -276.0007 206.66606 0.0
297 "244" -58.66333 339.35684 0.0
298 "251" 116.82272 -151.10872 0.0
299 "256" 25.190947 105.94884 0.0
300 "260" 223.81863 331.06516 0.0
301 "262" -17.760103 -185.23814 0.0
302 "282" 104.91342 256.02786 0.0
303 "294" -493.3564 15.161297 0.0
304 "295" 400.36154 -99.56242 0.0
305 "311" 476.87534 -355.02933 0.0
306 "313" 293.54184 -245.11147 0.0
307 "314" -442.91995 337.58786 0.0
308 "315" 164.0322 -344.95944 0.0
309 "316" -154.58481 -61.82903 0.0
310 "318" 410.24088 -218.8647 0.0
311 "330" -228.20245 -313.5565 0.0
312 "358" -187.52597 -78.5634 0.0
313 "366" 354.70566 282.4578 0.0
314 "368" -19.82767 44.54838 0.0
315 "386" -384.8361 -158.30476 0.0
316 "389" -118.851135 406.22568 0.0
317 "391" 415.76096 -432.8301 0.0
318 "405" 186.01364 128.20958 0.0
319 "409" 243.53256 -181.2571 0.0
320 "411" 177.57114 429.7808 0.0
321 "460" 487.76346 143.64159 0.0
322 "463" 272.82822 467.14053 0.0
323 "465" -422.75784 -252.78062 0.0
324 "466" -215.64706 41.391216 0.0
325 "502" -63.773468 -170.72194 0.0
326 "514" 408.07425 272.80356 0.0
327 "527" 94.35666 188.817 0.0
328 "528" 66.21622 -292.77835 0.0
329 "543" 442.9764 -491.14075 0.0
330 "561" 156.90976 219.86998 0.0
331 "596" 68.80289 -226.95396 0.0
332 "598" -33.871002 -487.50812 0.0
333 "601" -184.39102 336.97934 0.0
334 "607" -17.051516 -38.337147 0.0
335 "617" 225.5607 279.8312 0.0
336 "626" 125.72073 69.28435 0.0
337 "638" 294.07785 -204.47255 0.0
338 "654" 434.6243 -209.31914 0.0
339 "658" 35.56308 -452.1467 0.0
340 "679" -384.86572 -428.6152 0.0
341 "683" -297.9296 110.116196 0.0
342 "699" -72.68063 10.607952 0.0
343 "708" 122.96182 -162.45854 0.0
344 "713" 307.4697 -312.43625 0.0
345 "724" 40.826874 -220.63567 0.0
346 "766" 281.41306 -163.78291 0.0
347 "783" -492.5849 -472.37762 0.0
348 "784" 182.97708 234.70335 0.0
349 "788" 373.06076 220.9395 0.0
350 "798" 426.40732 -112.427444 0.0
351 "802" -345.94675 274.13345 0.0
352 "835" 98.15347 -177.82289 0.0
353 "844" 94.63431 -211.73244 0.0
354 "847" -68.71515 -405.06168 0.0
355 "859" -446.22067 10.804852 0.0
356 "862" -195.09836 -91.11189 0.0
357 "899" -58.35257 -338.18527 0.0
358 "901" 271.25662 80.79808 0.0
359 "938" 306.55997 419.7181 0.0
360 "977" 254.90549 -35.627644 0.0
361 "978" 330.59525 368.84872 0.0
362 "994" -8.94504 335.39304 0.0
363 "997" -69.6366 -248.85374 0.0
364 "1039" 474.3793 -324.6268 0.0
365 "1050" -120.74939 -64.415085 0.0
366 "1062" 174.92783 -247.81535 0.0
367 "1118" 368.40097 121.482956 0.0
368 "1121" -455.6533 389.29318 0.0
369 "1132" 205.92801 -74.37572 0.0
370 "1169" -116.50864 339.6472 0.0
371 "1181" -82.67261 -331.83435 0.0
372 "1188" 471.60562 235.92967 0.0
373 "1191" 354.78525 -131.41096 0.0
374 "1197" 467.59665 175.79796 0.0
375 "1198" -450.94232 190.50017 0.0
376 "1206" -14.464235 -381.09976 0.0
377 "1255" 444.81882 -167.1379 0.0
378 "1261" -80.63342 -78.130295 0.0
379 "1265" -151.14471 155.29185 0.0
380 "1279" -454.09586 18.164532 0.0
381 "1280" 390.2092 146.3372 0.0
382 "1308" -329.44052 461.53287 0.0
383 "1313" -457.65125 196.1906 0.0
384 "1323" 96.82596 295.0483 0.0
385 "1332" -210.32693 -480.9151 0.0
386 "1338" 498.41586 -17.92638 0.0
387 "1342" -165.86707 485.65536 0.0
388 "1346" 352.03604 -58.823597 0.0
389 "1380" 332.4774 71.842026 0.0
390 "1387" 449.1442 63.93278 0.0
391 "1401" 30.610685 -391.55573 0.0
392 "1402" -353.372 -37.279774 0.0
393 "1420" 318.77298 24.229595 0.0
394 "1423" -60.798157 -404.98596 0.0
395 "1434" 169.7319 -184.46275 0.0
396 "1444" -359.58365 341.3671 0.0
397 "1445" 141.90262 46.606182 0.0
398 "1450" 444.52817 -423.83456 0.0
399 "1451" -369.71472 -212.60323 0.0
400 "1452" 408.0792 263.41653 0.0
401 "1453" -169.65894 -470.53705 0.0
402 "1467" 437.8851 134.24205 0.0
403 "1489" -56.600067 285.47342 0.0
404 "1521" -298.7639 -441.59 0.0
405 "1545" -3.0777605 274.26608 0.0
406 "1558" 484.46213 309.15518 0.0
407 "1573" 278.9127 320.86215 0.0
408 "1580" 417.619 38.701702 0.0
409 "1618" -206.9896 359.65353 0.0
410 "1621" -344.0986 431.31485 0.0
411 "1622" 329.25723 -280.98404 0.0
412 "1624" -437.509 -318.62607 0.0
413 "1637" -284.72855 186.89189 0.0
414 "1640" -327.1 155.8712 0.0
415 "1641" -436.46854 209.42241 0.0
416 "1642" 237.47061 -156.09343 0.0
417 "1643" 362.70053 -41.50014 0.0
418 "1644" 436.5446 470.16214 0.0
419 "1646" 74.399506 419.1503 0.0
420 "1647" 441.9163 -44.996113 0.0
421 "1648" 491.56235 93.94414 0.0
422 "1650" -141.46439 240.77208 0.0
423 "1651" 490.48428 399.17215 0.0
424 "1652" -277.97104 371.98703 0.0
425 "1682" -34.099823 336.3148 0.0
426 "1701" 150.45657 116.609116 0.0
427 "1706" -323.09305 -437.63144 0.0
428 "1719" -47.172363 346.15768 0.0
429 "1731" 451.26993 -446.11423 0.0
430 "1742" -17.754763 -145.5934 0.0
431 "1749" 196.63004 162.12096 0.0
432 "1752" -211.8451 287.53873 0.0
433 "1753" -50.644196 490.46646 0.0
434 "1759" 170.02261 383.05502 0.0
435 "1760" -244.74066 -309.6006 0.0
436 "1763" -436.13138 -229.60088 0.0
437 "1781" -478.8766 -31.54845 0.0
438 "1839" -196.56372 173.171 0.0
439 "1258" 101.96231 -175.74928 0.0
440 "13" -310.62436 -29.031605 0.0
441 "66" -203.83331 298.4747 0.0
442 "80" -27.326326 -271.69122 0.0
443 "81" 109.15781 -200.40593 0.0
444 "96" -187.33575 478.74728 0.0
445 "103" 115.90488 -100.427536 0.0
446 "118" -494.69736 264.22195 0.0
447 "128" 3.6341841 341.2299 0.0
448 "140" 293.99136 -327.1789 0.0
449 "143" 408.2861 383.76462 0.0
450 "168" 373.09445 -107.41997 0.0
451 "297" -28.247622 -472.03162 0.0
452 "300" -226.61935 104.58171 0.0
453 "319" 141.65317 -391.04245 0.0
454 "355" -321.014 -124.45323 0.0
455 "360" -388.61118 221.78398 0.0
456 "392" -132.91177 -421.73593 0.0
457 "398" -44.57126 454.07608 0.0
458 "402" 384.33786 -232.37282 0.0
459 "480" -46.723724 -60.098377 0.0
460 "513" 278.19138 -129.2954 0.0
461 "536" -184.72516 320.3312 0.0
462 "547" 186.6434 -488.81165 0.0
463 "586" 24.39694 298.72195 0.0
464 "588" -143.54239 281.7264 0.0
465 "593" -209.61542 -387.4711 0.0
466 "599" 207.8461 -197.93889 0.0
467 "605" 176.08603 408.4908 0.0
468 "609" 392.64944 456.55856 0.0
469 "634" -199.43927 -295.67307 0.0
470 "689" 403.42117 291.62808 0.0
471 "719" -350.49997 -152.38057 0.0
472 "757" 182.42154 171.6953 0.0
473 "758" -69.26132 141.34538 0.0
474 "817" -147.62271 441.80557 0.0
475 "825" 101.108 95.56212 0.0
476 "830" -355.0338 25.600994 0.0
477 "857" 160.60916 86.03758 0.0
478 "868" 338.3351 99.32378 0.0
479 "926" 60.860138 -446.84277 0.0
480 "969" -468.43585 225.66832 0.0
481 "974" -393.00247 258.2278 0.0
482 "984" -118.16113 105.71355 0.0
483 "986" -454.3087 -470.66232 0.0
484 "991" -490.8042 -87.16554 0.0
485 "998" -373.3446 -124.77855 0.0
486 "1068" 134.05673 -490.59583 0.0
487 "1080" 301.01553 -176.88264 0.0
488 "1102" 154.36996 -284.73764 0.0
489 "1106" 377.12143 345.3937 0.0
490 "1138" -207.9729 196.33989 0.0
491 "1153" 392.86673 -220.2404 0.0
492 "1214" -357.6735 472.49362 0.0
493 "1246" -316.69302 -280.83508 0.0
494 "1252" 445.606 5.520062 0.0
495 "1284" 123.34323 -49.96578 0.0
496 "1286" -333.23203 321.47824 0.0
497 "1297" 307.4633 151.26573 0.0
498 "1379" -483.72714 -354.1296 0.0
499 "1406" 492.01187 -268.5309 0.0
500 "1433" 375.27805 -414.1117 0.0
501 "1485" -29.81412 -121.79863 0.0
502 "1493" 197.95016 -19.148975 0.0
503 "1520" -324.07285 -379.49747 0.0
504 "1639" 355.58182 160.12187 0.0
505 "1808" -279.8865 464.819 0.0
506 "1831" -440.0064 497.20706 0.0
507 "65" 250.92313 -45.557026 0.0
508 "82" -42.1951 329.4025 0.0
509 "85" -500.02368 323.88596 0.0
510 "111" 222.50888 24.269146 0.0
511 "114" 126.832855 272.14163 0.0
512 "134" 487.88693 217.3817 0.0
513 "139" 6.651274 -237.41585 0.0
514 "158" 264.15146 20.20921 0.0
515 "215" 419.29294 -327.71445 0.0
516 "220" 57.306427 302.65 0.0
517 "265" 192.8793 59.82719 0.0
518 "331" 272.56558 -8.341785 0.0
519 "353" -269.21164 -201.78432 0.0
520 "365" 124.27298 -304.43747 0.0
521 "396" 8.302092 328.30685 0.0
522 "410" -302.3818 -136.90831 0.0
523 "419" -436.40573 328.17746 0.0
524 "420" 11.542692 116.78642 0.0
525 "434" 227.47318 165.17436 0.0
526 "443" -82.414795 362.38992 0.0
527 "446" -162.72858 99.91014 0.0
528 "447" -63.98642 -231.02492 0.0
529 "451" 462.50125 345.26346 0.0
530 "478" -321.55472 -261.0216 0.0
531 "512" -266.62946 248.47997 0.0
532 "519" 335.257 -457.02325 0.0
533 "525" -292.01962 60.76121 0.0
534 "538" -183.56213 380.95547 0.0
535 "583" 340.0029 -13.735004 0.0
536 "639" -473.8587 249.98235 0.0
537 "764" 15.864164 461.23276 0.0
538 "806" 424.04153 147.61272 0.0
539 "874" -181.06757 -96.00371 0.0
540 "886" -19.29584 -178.97997 0.0
541 "924" 147.94058 497.90622 0.0
542 "957" -130.4708 483.75455 0.0
543 "1015" 67.846405 -78.23653 0.0
544 "1016" -245.5705 -334.79807 0.0
545 "1026" 303.56223 326.12442 0.0
546 "1046" 330.256 -367.7761 0.0
547 "1069" 100.46048 268.88876 0.0
548 "1072" -147.91437 -371.87033 0.0
549 "1078" 270.29013 -230.13118 0.0
550 "1098" -250.16336 -488.96075 0.0
551 "1099" -382.88574 121.57774 0.0
552 "1130" -433.71957 241.86479 0.0
553 "1131" -404.8944 -397.7368 0.0
554 "1133" 379.36765 71.54979 0.0
555 "1207" 488.5142 -222.74788 0.0
556 "1221" 73.89035 207.87029 0.0
557 "1260" -376.15244 -354.03818 0.0
558 "1299" 312.85196 204.01524 0.0
559 "1390" 125.27945 494.47037 0.0
560 "1430" -174.4809 304.32986 0.0
561 "1435" -493.46844 -52.670246 0.0
562 "1483" -323.01913 -492.98422 0.0
563 "1505" -44.052612 377.3436 0.0
564 "1645" -486.8578 159.25053 0.0
565 "1664" -483.79453 -471.6796 0.0
566 "1715" 385.43033 487.09897 0.0
567 "1803" 486.09445 -66.647934 0.0
568 "1806" -348.9059 -419.2445 0.0
569 "1882" 278.9999 469.9575 0.0
570 "21" -382.1722 5.0699277 0.0
571 "275" -338.77048 183.46861 0.0
572 "25" 55.553436 385.9728 0.0
573 "53" -236.97153 331.327 0.0
574 "63" 433.54538 35.33067 0.0
575 "462" -493.8847 453.496 0.0
576 "1033" -242.31616 -80.07323 0.0
577 "1176" 123.793915 157.9857 0.0
578 "1383" 180.47629 54.674664 0.0
579 "28" 263.1738 225.52318 0.0
580 "87" 135.58463 -294.16183 0.0
581 "184" -246.24222 -416.30734 0.0
582 "271" -391.04965 -373.05594 0.0
583 "342" -497.36688 -321.59192 0.0
584 "406" 300.20993 -81.76103 0.0
585 "414" 133.72787 -220.63081 0.0
586 "456" -149.05533 -0.04585605 0.0
587 "620" -72.92914 -203.80782 0.0
588 "949" 20.410612 -379.69138 0.0
589 "953" 333.72165 253.19469 0.0
590 "967" -325.2538 -218.90758 0.0
591 "995" -156.98917 173.35356 0.0
592 "996" -277.74387 -43.162342 0.0
593 "1009" 260.9606 -244.2564 0.0
594 "1031" -324.77777 7.9984555 0.0
595 "1079" -477.77072 -104.1956 0.0
596 "1158" 347.79282 -255.77509 0.0
597 "1162" 2.6522505 -205.9297 0.0
598 "1220" 309.85495 180.73027 0.0
599 "1283" -74.57321 126.53984 0.0
600 "1425" 108.39383 148.91484 0.0
601 "1472" -138.78409 -491.3523 0.0
602 "1598" -59.303528 71.82378 0.0
603 "1686" -489.0779 274.84323 0.0
604 "1876" 417.858 395.68076 0.0
605 "29" -70.391174 -82.93327 0.0
606 "657" 292.4003 380.6519 0.0
607 "850" 101.02432 -122.0443 0.0
608 "1136" -459.58633 -302.8389 0.0
609 "1248" 304.4083 -221.59862 0.0
610 "1302" -13.513887 -451.5112 0.0
611 "1394" 28.739408 -425.8858 0.0
612 "1540" -261.2171 -153.94652 0.0
613 "1587" 284.30692 -417.8525 0.0
614 "31" 61.9935 300.68613 0.0
615 "162" 37.46768 -204.13338 0.0
616 "33" -42.536316 161.37462 0.0
617 "59" 151.67581 415.63992 0.0
618 "77" -357.3191 -267.6326 0.0
619 "125" -343.65225 62.568096 0.0
620 "130" 326.38522 -269.80933 0.0
621 "174" 384.85403 -286.14487 0.0
622 "179" 160.92654 4.0466733 0.0
623 "198" 23.904264 0.96632046 0.0
624 "219" 20.09323 136.22575 0.0
625 "237" 398.81845 145.50511 0.0
626 "263" -201.51297 -36.42235 0.0
627 "291" 382.65488 472.78104 0.0
628 "375" 257.62112 116.75328 0.0
629 "377" 161.89157 139.32964 0.0
630 "379" 54.270416 260.83975 0.0
631 "393" -282.66705 438.18472 0.0
632 "429" 478.20364 -160.8217 0.0
633 "474" 286.14334 -195.50829 0.0
634 "494" -400.72064 -228.43294 0.0
635 "518" 259.38193 434.09024 0.0
636 "523" -22.011171 -261.28513 0.0
637 "546" 439.14273 248.98387 0.0
638 "632" -171.11911 396.72696 0.0
639 "673" -169.6213 -203.84798 0.0
640 "698" -457.09512 108.56694 0.0
641 "704" 174.71597 -450.0492 0.0
642 "773" -227.44043 -446.14612 0.0
643 "780" 247.04062 3.386456 0.0
644 "792" -137.16187 -115.982895 0.0
645 "799" -469.63297 -120.16536 0.0
646 "815" 271.3093 -73.254776 0.0
647 "818" 260.4736 -225.68108 0.0
648 "940" -237.72177 311.83084 0.0
649 "983" -10.982515 -457.75064 0.0
650 "1005" -417.17923 289.92502 0.0
651 "1021" -247.68246 -206.43782 0.0
652 "1034" -467.4132 446.3815 0.0
653 "1036" -347.2792 -78.50966 0.0
654 "1053" -175.37946 474.28232 0.0
655 "1081" 160.444 197.73357 0.0
656 "1093" -98.9541 -336.09662 0.0
657 "1211" -273.9914 -400.41437 0.0
658 "1217" -84.681915 -209.71016 0.0
659 "1227" 356.86453 199.61662 0.0
660 "1232" 421.84274 -363.72244 0.0
661 "1234" -343.47595 144.79472 0.0
662 "1336" -75.88315 475.20926 0.0
663 "1372" 450.50375 479.4739 0.0
664 "1385" 324.14615 455.75864 0.0
665 "1386" -469.40054 325.46133 0.0
666 "1395" -11.254152 -19.30968 0.0
667 "1403" 237.49509 222.41667 0.0
668 "1488" 102.432465 -147.95308 0.0
669 "1497" -428.56638 -246.87312 0.0
670 "1518" 211.96786 167.16832 0.0
671 "1519" 271.65414 -69.26247 0.0
672 "1543" 384.21512 -306.8865 0.0
673 "1546" -162.47412 208.80974 0.0
674 "1657" 196.82065 -278.53223 0.0
675 "1665" -222.21289 390.11392 0.0
676 "1683" -139.66379 211.18382 0.0
677 "1689" 469.02243 156.35777 0.0
678 "1692" 130.74716 364.0178 0.0
679 "1710" -119.5105 418.58615 0.0
680 "1785" 312.9747 -354.71365 0.0
681 "1789" 79.63187 196.77989 0.0
682 "1791" -421.22888 -337.91476 0.0
683 "1809" -128.90796 277.21848 0.0
684 "1829" 26.528593 241.77214 0.0
685 "1838" 141.76523 467.46243 0.0
686 "1856" 395.8746 -484.56726 0.0
687 "1857" 485.40964 -128.65202 0.0
688 "1878" 116.5267 -195.78789 0.0
689 "35" 462.5582 240.17766 0.0
690 "108" 418.73325 -369.19333 0.0
691 "189" 414.95004 121.328476 0.0
692 "324" -438.27365 234.07805 0.0
693 "351" 98.430145 221.78911 0.0
694 "592" -153.0344 -448.33774 0.0
695 "707" -475.76193 131.6751 0.0
696 "761" -25.446535 -246.3868 0.0
697 "843" 305.83755 311.5623 0.0
698 "37" 474.0529 59.531963 0.0
699 "50" 496.9117 37.516094 0.0
700 "55" 395.0414 -247.70045 0.0
701 "75" 375.87717 -181.01591 0.0
702 "89" 178.08585 13.442547 0.0
703 "93" -116.753296 -342.74216 0.0
704 "104" -356.5757 448.327 0.0
705 "110" 450.39572 395.9999 0.0
706 "112" 332.49362 -56.211475 0.0
707 "113" -228.23447 330.36978 0.0
708 "119" 16.541288 -193.52812 0.0
709 "129" -332.73776 187.57298 0.0
710 "133" 46.912933 -32.93337 0.0
711 "147" -442.41315 -430.805 0.0
712 "156" 363.20865 403.78964 0.0
713 "214" 232.45895 -45.52727 0.0
714 "222" 398.35153 -162.12099 0.0
715 "236" -469.8277 403.69296 0.0
716 "259" -176.28531 184.52934 0.0
717 "296" 266.64786 172.19853 0.0
718 "361" 62.803986 204.61021 0.0
719 "400" 253.12625 -451.97943 0.0
720 "401" -231.4049 295.6755 0.0
721 "428" -476.13217 359.94473 0.0
722 "511" 7.475554 385.1851 0.0
723 "614" -41.29486 -232.14168 0.0
724 "625" -278.15604 444.5233 0.0
725 "770" 330.02005 143.51402 0.0
726 "779" 153.76944 229.31358 0.0
727 "828" 429.69254 77.38646 0.0
728 "879" 303.717 469.69388 0.0
729 "985" 338.79697 -193.91621 0.0
730 "1059" 171.1951 -116.372025 0.0
731 "1269" 91.29611 -355.18082 0.0
732 "38" 478.28378 66.99626 0.0
733 "39" -47.288666 330.73373 0.0
734 "94" -187.64685 -473.87976 0.0
735 "270" 285.72293 -464.59833 0.0
736 "437" -359.116 -138.45906 0.0
737 "464" -493.11835 188.63945 0.0
738 "43" 449.1528 386.28445 0.0
739 "166" -47.91098 -329.22324 0.0
740 "167" 330.64572 267.5128 0.0
741 "169" -436.7698 376.8389 0.0
742 "183" -279.58115 -382.62875 0.0
743 "186" 184.32004 -366.37222 0.0
744 "188" -396.77994 -172.99138 0.0
745 "192" -87.25006 459.4778 0.0
746 "223" 451.04404 -162.83998 0.0
747 "248" 389.69846 196.50328 0.0
748 "277" 348.88968 -30.654072 0.0
749 "280" 133.49655 -383.55948 0.0
750 "380" 252.84274 403.65598 0.0
751 "381" 20.714262 -296.26974 0.0
752 "382" 91.20755 382.2493 0.0
753 "383" -198.03836 -46.728016 0.0
754 "407" 467.2631 -257.8826 0.0
755 "452" 102.87497 -314.67795 0.0
756 "473" 51.32083 436.32028 0.0
757 "503" -294.5163 -423.70206 0.0
758 "529" 360.11252 289.8196 0.0
759 "541" 31.131742 331.78677 0.0
760 "542" -486.86212 354.1973 0.0
761 "567" -346.64697 186.84886 0.0
762 "595" -271.54535 -125.037704 0.0
763 "616" 357.5768 -291.25662 0.0
764 "743" -225.50668 65.81157 0.0
765 "746" -265.73364 198.49406 0.0
766 "769" 329.83206 -403.87405 0.0
767 "805" -456.9304 -159.74922 0.0
768 "811" 219.46799 -58.854176 0.0
769 "863" 117.7883 -368.80743 0.0
770 "913" -206.02756 -481.3158 0.0
771 "919" -104.55255 39.756634 0.0
772 "943" 297.0201 -158.09846 0.0
773 "975" -252.525 286.2665 0.0
774 "1018" -72.86661 -245.42259 0.0
775 "1029" 166.97641 117.57225 0.0
776 "1040" 441.08347 183.48094 0.0
777 "1041" -476.68307 -43.89623 0.0
778 "1043" -430.75656 -258.1453 0.0
779 "1056" -466.30017 343.77902 0.0
780 "1111" 217.28915 -51.30956 0.0
781 "1142" -178.8435 -327.5046 0.0
782 "1163" 413.99387 -209.60951 0.0
783 "1182" -70.66052 295.47415 0.0
784 "1215" 231.4675 -155.4286 0.0
785 "1236" 446.7374 247.5153 0.0
786 "1253" 452.03897 210.18102 0.0
787 "1339" -43.593445 -32.739918 0.0
788 "1542" -414.9146 43.76457 0.0
789 "1554" 372.041 -389.15314 0.0
790 "1589" -52.539764 -411.37177 0.0
791 "1681" -152.82172 -226.11455 0.0
792 "1745" -87.22348 201.81462 0.0
793 "1828" -148.43286 -302.53586 0.0
794 "69" 107.651276 33.21641 0.0
795 "163" 197.19644 323.94278 0.0
796 "306" 287.11966 -308.17935 0.0
797 "339" -233.78522 -110.42677 0.0
798 "344" -143.22125 445.9883 0.0
799 "445" 443.94418 93.52989 0.0
800 "483" -474.17807 247.83928 0.0
801 "548" 292.41885 266.71964 0.0
802 "573" 372.97708 146.22661 0.0
803 "600" 313.35727 378.78073 0.0
804 "669" -313.5367 458.44644 0.0
805 "716" 244.20004 167.96935 0.0
806 "726" 299.4315 407.74753 0.0
807 "738" -293.17383 156.1718 0.0
808 "767" -216.0422 -198.13606 0.0
809 "801" -314.21698 -179.93217 0.0
810 "831" -210.49292 -272.78766 0.0
811 "852" -248.65512 -270.48843 0.0
812 "922" 15.889189 164.05742 0.0
813 "942" -337.5599 35.48509 0.0
814 "950" -203.9209 -110.13698 0.0
815 "952" -14.536806 292.5173 0.0
816 "955" 30.875273 31.211712 0.0
817 "961" 147.21622 234.25206 0.0
818 "964" 265.22153 149.08867 0.0
819 "1049" -96.301605 -214.11299 0.0
820 "1091" 25.119291 -202.01021 0.0
821 "1097" -448.80865 293.49423 0.0
822 "1129" 144.40945 86.22887 0.0
823 "1139" 332.06253 -322.22763 0.0
824 "1161" -297.69708 -117.018295 0.0
825 "1224" 394.93674 -21.42986 0.0
826 "1226" 365.3923 -32.980244 0.0
827 "1229" 357.3618 -453.44153 0.0
828 "1266" 381.97806 -407.2502 0.0
829 "1294" -11.17856 -40.28066 0.0
830 "1307" 211.8931 -338.91022 0.0
831 "1309" -217.07574 -405.14297 0.0
832 "1325" -208.38657 -74.123764 0.0
833 "1329" 219.82516 -331.87265 0.0
834 "1334" -267.70865 440.91068 0.0
835 "1337" 333.41165 473.61948 0.0
836 "1354" 327.45212 -241.58076 0.0
837 "1355" -207.48642 495.3132 0.0
838 "1356" 107.44437 226.61058 0.0
839 "1357" 81.37247 45.275494 0.0
840 "1365" -180.66345 102.18443 0.0
841 "1381" -478.1676 89.74596 0.0
842 "1414" 133.80478 93.05492 0.0
843 "1418" -181.80875 -35.19591 0.0
844 "1428" 84.65671 377.2172 0.0
845 "1477" -474.62296 -245.40361 0.0
846 "1482" 231.98904 105.60185 0.0
847 "1487" 342.09213 207.64287 0.0
848 "1506" -193.42166 -110.07759 0.0
849 "1507" 412.793 200.53062 0.0
850 "1509" -359.0459 -199.06169 0.0
851 "1512" -114.14923 -76.65822 0.0
852 "1526" -478.29254 -41.78188 0.0
853 "1534" -180.0358 157.45091 0.0
854 "1559" -292.06168 -120.59761 0.0
855 "1561" 156.87277 243.86809 0.0
856 "1579" -247.65353 375.129 0.0
857 "1582" -114.35477 -400.90918 0.0
858 "1597" 434.32278 -74.80058 0.0
859 "1690" -287.70615 -74.53172 0.0
860 "1691" -431.5005 152.226 0.0
861 "1724" -481.80658 -415.62955 0.0
862 "1744" -312.431 220.91704 0.0
863 "45" -358.242 -47.006916 0.0
864 "46" 114.782135 -265.68155 0.0
865 "74" -449.94257 -30.581532 0.0
866 "79" -260.61017 -27.254139 0.0
867 "92" -219.46954 485.59274 0.0
868 "95" -112.60797 126.80498 0.0
869 "102" 127.6785 494.16653 0.0
870 "116" 40.3096 -487.18814 0.0
871 "117" -74.39871 -227.31224 0.0
872 "141" -203.70236 -372.91098 0.0
873 "226" -65.53961 -2.577167 0.0
874 "228" 390.76913 295.02707 0.0
875 "290" -222.56424 -80.87846 0.0
876 "373" 297.7993 101.46605 0.0
877 "432" 94.464386 -235.66893 0.0
878 "1669" -81.0668 -249.13557 0.0
879 "1800" -419.97168 -371.59793 0.0
880 "1846" 132.621 -1.1122622 0.0
881 "1850" -145.51407 260.12076 0.0
882 "1851" -474.6448 321.46317 0.0
883 "1852" -318.08444 302.93765 0.0
884 "1866" 454.68796 -456.9899 0.0
885 "47" 392.16867 -245.94472 0.0
886 "274" -295.34366 232.47118 0.0
887 "621" 490.8054 130.17369 0.0
888 "721" 385.74612 -206.06837 0.0
889 "762" 347.81216 -412.51605 0.0
890 "1184" -95.62479 -171.96977 0.0
891 "755" -455.52225 33.536785 0.0
892 "1100" 280.9808 -478.97278 0.0
893 "1496" -72.46988 89.90459 0.0
894 "1616" -168.85602 -469.6893 0.0
895 "70" -329.38602 -382.908 0.0
896 "267" 240.78952 78.28514 0.0
897 "476" -324.58548 396.942 0.0
898 "489" 364.34738 -258.99826 0.0
899 "530" 458.2101 482.8198 0.0
900 "553" -346.13358 -276.44785 0.0
901 "1436" 262.3627 -325.84998 0.0
902 "1775" -12.578951 251.16331 0.0
903 "309" -486.76837 -450.58127 0.0
904 "328" -193.24658 73.093796 0.0
905 "357" -110.776825 -499.4582 0.0
906 "497" -103.05481 -24.153645 0.0
907 "646" 221.16434 251.54082 0.0
908 "749" -154.98471 -367.12393 0.0
909 "966" 151.91635 415.75583 0.0
910 "1235" 199.68991 79.88701 0.0
911 "1508" -10.880739 -251.6357 0.0
912 "1698" -378.80542 -402.02597 0.0
913 "54" 466.18692 -115.2368 0.0
914 "181" -142.23163 -188.71828 0.0
915 "253" 190.1464 -479.58783 0.0
916 "305" 214.70212 361.51462 0.0
917 "340" 399.6437 184.023 0.0
918 "341" 292.05435 -391.45087 0.0
919 "416" 282.41446 -16.479267 0.0
920 "594" 158.8002 424.55923 0.0
921 "739" -491.2569 -37.00899 0.0
922 "785" -195.9802 298.48477 0.0
923 "855" -174.08722 -1.134418 0.0
924 "1101" -340.16568 -351.66776 0.0
925 "1202" -471.62677 484.88956 0.0
926 "1244" 226.14963 450.71524 0.0
927 "1272" 369.3311 407.95102 0.0
928 "1314" 343.8693 40.202435 0.0
929 "1388" 11.693693 -199.35686 0.0
930 "1432" 461.08884 205.45818 0.0
931 "1438" 429.77383 -28.530964 0.0
932 "1551" 315.887 -485.1774 0.0
933 "1615" -232.11133 359.88693 0.0
934 "1623" -180.32092 140.89342 0.0
935 "1636" 37.965363 340.9341 0.0
936 "1667" -433.29926 321.83463 0.0
937 "1128" -304.51193 -187.04506 0.0
938 "57" 318.04074 -3.4470096 0.0
939 "170" -428.39786 -57.999622 0.0
940 "171" 12.743803 81.54527 0.0
941 "345" -141.08545 7.7523007 0.0
942 "1326" 343.85635 319.13492 0.0
943 "245" -150.49213 -101.633194 0.0
944 "1004" -296.11264 -380.02017 0.0
945 "1173" -94.088684 435.42 0.0
946 "1721" 352.0123 347.14774 0.0
947 "266" -290.75168 375.17728 0.0
948 "347" -15.555483 44.719036 0.0
949 "354" 173.5079 -371.30273 0.0
950 "367" -500.24548 -299.2083 0.0
951 "454" -459.13797 -29.178516 0.0
952 "554" -357.4834 -247.07372 0.0
953 "688" 80.179535 266.88712 0.0
954 "193" 381.51425 -306.51657 0.0
955 "202" 499.3624 36.04289 0.0
956 "301" 332.8383 312.97086 0.0
957 "332" -348.1433 -8.666615 0.0
958 "337" 273.5613 331.42935 0.0
959 "549" 368.66873 49.260174 0.0
960 "560" -191.72305 411.05362 0.0
961 "706" 279.44095 185.31322 0.0
962 "725" -451.3608 317.65524 0.0
963 "797" 299.6213 427.00827 0.0
964 "912" -254.85637 304.24155 0.0
965 "923" 55.483734 222.25304 0.0
966 "963" 170.74026 -373.10306 0.0
967 "990" -105.26276 398.40512 0.0
968 "1310" 197.47098 471.3168 0.0
969 "1604" 287.68344 -63.827015 0.0
970 "273" 430.17593 467.75992 0.0
971 "424" 362.36337 -177.44914 0.0
972 "440" -34.58539 402.84756 0.0
973 "449" 36.85782 318.26706 0.0
974 "521" 329.09848 -301.44742 0.0
975 "533" -287.11758 77.76512 0.0
976 "534" 412.93466 -278.11423 0.0
977 "535" -222.952 -306.4755 0.0
978 "710" 277.63077 13.200176 0.0
979 "809" 219.62845 401.56912 0.0
980 "822" -480.0871 76.6989 0.0
981 "908" -474.59012 -118.70119 0.0
982 "917" 10.760405 463.64578 0.0
983 "1092" -382.8319 310.31863 0.0
984 "1137" 203.86264 496.94162 0.0
985 "1216" 39.549103 93.731186 0.0
986 "1239" -113.84598 135.14433 0.0
987 "1296" -240.39587 -22.60625 0.0
988 "1304" 196.3865 154.67351 0.0
989 "1417" -70.043274 -424.06622 0.0
990 "1426" -26.951845 40.855633 0.0
991 "1427" -288.4434 -301.1473 0.0
992 "1538" 9.539885 -278.37082 0.0
993 "1603" -214.79932 241.83989 0.0
994 "1767" -407.62656 -447.8567 0.0
995 "1768" 494.47903 -174.5454 0.0
996 "1769" -222.74548 -235.85237 0.0
997 "1770" -342.46988 -190.37373 0.0
998 "1776" 218.26755 -69.0146 0.0
999 "1777" -39.035034 -210.04149 0.0
1000 "1796" 6.9799485 -132.83449 0.0
1001 "832" -493.45142 190.61534 0.0
1002 "289" -98.86615 -219.09703 0.0
1003 "293" -480.29843 108.604416 0.0
1004 "356" -473.3018 428.68265 0.0
1005 "418" 448.61227 135.56175 0.0
1006 "450" -377.5988 482.81332 0.0
1007 "649" -316.2733 485.6827 0.0
1008 "727" 162.46866 316.10458 0.0
1009 "733" -90.390564 392.231 0.0
1010 "915" 241.14261 -67.78673 0.0
1011 "674" -335.3549 400.0983 0.0
1012 "944" -68.341675 -174.13164 0.0
1013 "71" 28.7778 -121.824326 0.0
1014 "106" -57.29306 144.09978 0.0
1015 "303" 485.46054 -197.16444 0.0
1016 "677" -212.98495 -362.24103 0.0
1017 "678" -88.784546 -377.3844 0.0
1018 "861" 349.52194 -457.96664 0.0
1019 "883" 334.67984 -195.76979 0.0
1020 "1045" 196.73868 -294.67828 0.0
1021 "1052" -423.25806 481.32852 0.0
1022 "1124" -295.7768 -2.2493472 0.0
1023 "1223" 134.345 479.95493 0.0
1024 "1316" 95.70767 273.7767 0.0
1025 "1765" -297.2342 -121.5432 0.0
1026 "1792" -214.73318 -62.266956 0.0
1027 "459" -455.3498 174.62456 0.0
1028 "544" -6.98401 466.84274 0.0
1029 "635" -491.18536 79.137314 0.0
1030 "680" 465.18033 83.13664 0.0
1031 "765" -122.2009 -68.07335 0.0
1032 "860" 270.9778 133.87529 0.0
1033 "258" 380.384 -253.13985 0.0
1034 "399" 71.60989 -360.5094 0.0
1035 "326" -356.24075 -69.814896 0.0
1036 "551" -39.2442 -101.2737 0.0
1037 "1060" 79.76138 -210.53728 0.0
1038 "322" -38.6817 2.5695004 0.0
1039 "1083" -299.43018 52.26115 0.0
1040 "427" -470.2314 -398.2688 0.0
1041 "269" -358.5184 -252.33492 0.0
1042 "841" -32.70819 296.84653 0.0
1043 "1006" 231.85861 -31.300343 0.0
1044 "91" 466.03494 -423.77023 0.0
1045 "320" 300.0698 230.05333 0.0
1046 "516" -370.88968 312.9337 0.0
1047 "965" 24.225248 363.02615 0.0
1048 "682" -305.38986 451.02652 0.0
1049 "960" 47.72824 148.41667 0.0
1050 "1251" 366.73856 -339.5859 0.0
1051 "1322" -232.85458 178.10088 0.0
1052 "1393" 111.27017 420.19778 0.0
1053 "1673" -330.37692 -242.65468 0.0
1054 "1788" 7.8934007 202.47502 0.0
1055 "1837" 348.0544 12.436199 0.0
1056 "1840" -231.39825 171.65092 0.0
1057 "1842" 354.42783 -248.006 0.0
1058 "1843" 329.14456 88.745346 0.0
1059 "1849" 365.26456 45.38377 0.0
1060 "1859" 499.65262 -84.15764 0.0
1061 "1865" 227.77902 -72.08095 0.0
1062 "137" -479.09576 -47.25481 0.0
1063 "231" 331.3732 120.09752 0.0
1064 "232" 14.299528 206.06053 0.0
1065 "98" 406.30106 156.89421 0.0
1066 "191" -263.53784 90.35405 0.0
1067 "327" 289.8182 -136.82112 0.0
1068 "352" -246.51065 491.6799 0.0
1069 "559" 419.8558 -317.38858 0.0
1070 "871" 135.22226 -314.29758 0.0
1071 "934" -182.76373 -30.089985 0.0
1072 "1480" 36.51059 -404.20737 0.0
1073 "126" 99.67398 -9.826374 0.0
1074 "100" 80.29739 400.8948 0.0
1075 "115" -365.71915 33.98222 0.0
1076 "208" 286.4503 -441.37604 0.0
1077 "370" 280.0237 -246.71523 0.0
1078 "1002" 400.6182 -104.031204 0.0
1079 "1449" 297.55582 -449.37512 0.0
1080 "210" 368.99362 -461.86285 0.0
1081 "417" -88.92682 -386.95566 0.0
1082 "441" -122.2879 95.49797 0.0
1083 "500" -304.67905 -27.958607 0.0
1084 "556" 329.72195 -290.76505 0.0
1085 "577" 430.6033 -207.74818 0.0
1086 "587" 367.30942 268.24332 0.0
1087 "675" 319.6259 -55.94112 0.0
1088 "734" 65.06546 352.9636 0.0
1089 "774" 492.22684 -200.87239 0.0
1090 "795" 215.93204 236.26122 0.0
1091 "819" -462.4715 102.89732 0.0
1092 "839" -287.93274 -422.87485 0.0
1093 "853" 397.7698 -275.64297 0.0
1094 "864" -117.37875 279.87186 0.0
1095 "920" 334.05362 60.96458 0.0
1096 "929" -207.88586 359.7051 0.0
1097 "930" -168.52774 -114.63695 0.0
1098 "931" -74.038635 -445.10272 0.0
1099 "932" 249.54935 460.5834 0.0
1100 "948" 393.79153 -143.47914 0.0
1101 "954" -256.3364 -178.28572 0.0
1102 "973" -233.44553 88.572556 0.0
1103 "988" 484.0961 224.55711 0.0
1104 "1256" -69.98212 164.49803 0.0
1105 "1362" 481.56967 -104.4254 0.0
1106 "1431" -114.89642 -329.46207 0.0
1107 "1468" 391.62534 382.47964 0.0
1108 "1568" 254.61496 -18.019855 0.0
1109 "107" -485.09286 1.1004148 0.0
1110 "307" 366.25943 205.31816 0.0
1111 "388" -163.59607 101.69676 0.0
1112 "563" 173.4708 -142.52168 0.0
1113 "576" 353.92197 136.69212 0.0
1114 "585" -51.611725 342.694 0.0
1115 "606" 134.54068 -198.17595 0.0
1116 "884" -364.5491 -31.732716 0.0
1117 "927" -492.47205 -155.99446 0.0
1118 "992" -10.584108 452.3743 0.0
1119 "993" -446.82913 481.7285 0.0
1120 "1027" 138.21432 -379.76627 0.0
1121 "1051" -420.7987 -232.37007 0.0
1122 "1055" 8.904692 259.3721 0.0
1123 "1104" -410.0248 -362.1203 0.0
1124 "1105" 134.09091 -89.616714 0.0
1125 "1107" -151.71179 -160.66093 0.0
1126 "1108" -283.48026 -293.50586 0.0
1127 "1116" -494.31027 402.9769 0.0
1128 "1122" 471.17545 243.41258 0.0
1129 "1123" -65.6189 -159.17915 0.0
1130 "1125" -312.9592 -139.65285 0.0
1131 "1134" -167.73724 -216.24178 0.0
1132 "1141" 154.7958 -356.2475 0.0
1133 "1143" 392.42 348.7925 0.0
1134 "1144" 92.07529 -72.73082 0.0
1135 "1145" -170.68542 126.89812 0.0
1136 "1146" -35.48944 54.48863 0.0
1137 "1147" 336.1752 316.40714 0.0
1138 "1148" 148.62955 -304.40872 0.0
1139 "1149" 111.5571 191.89958 0.0
1140 "1150" -288.20718 64.56578 0.0
1141 "1151" 437.7675 -205.14186 0.0
1142 "1152" 194.6943 -29.363941 0.0
1143 "1156" -80.17096 459.88742 0.0
1144 "1157" 173.55624 -244.31783 0.0
1145 "1168" -99.11752 -450.91263 0.0
1146 "1276" -447.99954 -181.14076 0.0
1147 "1353" -241.59695 -442.7919 0.0
1148 "1421" -13.320589 -389.7202 0.0
1149 "1625" 255.33475 -428.496 0.0
1150 "1727" -413.89874 -312.45963 0.0
1151 "1730" 371.2211 -77.25639 0.0
1152 "1743" 38.685577 -327.9626 0.0
1153 "1771" 70.6384 -252.38045 0.0
1154 "1783" -376.06198 -283.57028 0.0
1155 "1070" 279.71432 97.84453 0.0
1156 "131" 139.73282 400.2722 0.0
1157 "204" -63.759705 177.50548 0.0
1158 "329" -360.9556 -192.244 0.0
1159 "493" 354.86374 267.78915 0.0
1160 "571" 11.071562 -90.343765 0.0
1161 "612" 306.07217 -93.019516 0.0
1162 "629" -135.45361 271.00308 0.0
1163 "685" 146.15768 -66.3253 0.0
1164 "715" -124.87384 -463.346 0.0
1165 "878" 55.077606 72.43236 0.0
1166 "980" -255.88628 108.8607 0.0
1167 "1267" -59.89743 -156.35307 0.0
1168 "1378" 182.35574 -75.912094 0.0
1169 "1409" -154.6293 -286.81833 0.0
1170 "1413" -118.980286 260.75528 0.0
1171 "1513" -229.05682 -437.62576 0.0
1172 "1008" 260.05106 65.23692 0.0
1173 "589" -350.31802 -244.70683 0.0
1174 "1491" -104.53549 370.36856 0.0
1175 "1486" -143.75128 307.67294 0.0
1176 "138" -81.77588 -1.1245303 0.0
1177 "276" 29.748442 -79.25896 0.0
1178 "470" 350.3195 -106.4518 0.0
1179 "574" 180.0206 -66.8105 0.0
1180 "1277" 297.74582 96.65825 0.0
1181 "1575" 17.303617 -434.16525 0.0
1182 "442" 155.44778 -386.98163 0.0
1183 "1037" 195.97879 186.04582 0.0
1184 "1094" 495.88864 134.25786 0.0
1185 "1601" -304.6763 -297.18887 0.0
1186 "1619" 110.75778 -123.70412 0.0
1187 "195" -126.31766 -381.64523 0.0
1188 "238" -245.56958 -412.33914 0.0
1189 "240" -172.81308 -291.50098 0.0
1190 "241" 498.1464 123.21776 0.0
1191 "247" -439.8592 -218.48854 0.0
1192 "359" 245.47513 -153.97124 0.0
1193 "369" 131.40097 473.96353 0.0
1194 "873" -117.51346 -480.5126 0.0
1195 "921" 379.57248 -417.83405 0.0
1196 "1017" -259.85245 282.5303 0.0
1197 "1022" 49.556244 -0.96495396 0.0
1198 "1023" -468.18222 -237.35555 0.0
1199 "1200" 143.96616 -71.214615 0.0
1200 "1278" -304.68253 374.55136 0.0
1201 "1408" 105.15982 -314.37024 0.0
1202 "1500" 116.89346 376.8658 0.0
1203 "1527" -2.8980424 47.70994 0.0
1204 "1556" -456.49 314.68784 0.0
1205 "1557" 201.0076 -166.23177 0.0
1206 "1758" -399.757 63.003094 0.0
1207 "1761" 264.6882 97.610214 0.0
1208 "145" 221.15817 -196.07042 0.0
1209 "492" 452.74973 94.1978 0.0
1210 "602" 474.90402 -79.73668 0.0
1211 "907" 233.27005 -38.74892 0.0
1212 "971" 220.35403 -31.560566 0.0
1213 "982" 406.3068 -118.47481 0.0
1214 "1539" -237.01843 -394.06122 0.0
1215 "160" -169.43335 343.46976 0.0
1216 "1729" -300.74518 -408.66458 0.0
1217 "851" -263.2086 1.7656064 0.0
1218 "178" 434.18967 -250.4073 0.0
1219 "486" 429.89236 -445.7271 0.0
1220 "531" 436.29947 100.881454 0.0
1221 "684" -223.40631 -1.7850833 0.0
1222 "820" 154.53293 188.10649 0.0
1223 "1814" 251.319 -394.0404 0.0
1224 "196" -336.6067 6.492657 0.0
1225 "197" 470.2842 -30.449665 0.0
1226 "200" -474.71756 -162.0049 0.0
1227 "203" 82.23477 -496.82303 0.0
1228 "217" 63.215485 -276.03754 0.0
1229 "218" -396.00696 -135.93327 0.0
1230 "284" 222.40427 271.39688 0.0
1231 "453" 289.95706 -145.18648 0.0
1232 "777" 465.80685 -18.683369 0.0
1233 "898" 406.91977 -496.04587 0.0
1234 "1001" -303.40457 312.14383 0.0
1235 "1384" 349.05362 186.63756 0.0
1236 "1474" 29.593168 246.70122 0.0
1237 "1747" -127.3689 -156.47643 0.0
1238 "182" 344.08408 218.31859 0.0
1239 "916" 356.03073 -416.41367 0.0
1240 "956" -57.998627 -130.28947 0.0
1241 "1676" 397.80228 215.28606 0.0
1242 "187" 308.35013 267.70474 0.0
1243 "1897" 254.04233 -459.38754 0.0
1244 "579" -75.17624 -122.43907 0.0
1245 "735" -413.94122 -432.2075 0.0
1246 "1291" 322.92258 -187.4637 0.0
1247 "239" -259.72226 150.99327 0.0
1248 "501" 79.487335 -382.48242 0.0
1249 "1633" 314.57425 -50.859913 0.0
1250 "1805" 255.40958 119.95268 0.0
1251 "206" 78.68417 11.010418 0.0
1252 "207" -142.61612 -313.02042 0.0
1253 "334" 411.08102 -259.94922 0.0
1254 "448" 262.91794 -435.43448 0.0
1255 "499" 290.67923 469.90494 0.0
1256 "575" 190.4177 -157.36998 0.0
1257 "619" -461.05054 390.42978 0.0
1258 "836" -280.9823 -10.456074 0.0
1259 "842" 446.51126 104.01457 0.0
1260 "1063" 66.9263 -169.94283 0.0
1261 "1084" 137.99246 -336.69165 0.0
1262 "1085" 322.40878 302.62332 0.0
1263 "1086" 29.922148 -456.0007 0.0
1264 "1178" 88.131805 325.25357 0.0
1265 "1321" -481.34872 -359.92123 0.0
1266 "279" 47.44522 -376.5544 0.0
1267 "848" -401.22998 34.061993 0.0
1268 "858" -209.72266 429.39816 0.0
1269 "959" 457.21902 -9.073261 0.0
1270 "1363" -153.32654 -451.3646 0.0
1271 "1364" 214.26761 352.0693 0.0
1272 "1375" -232.39368 408.3289 0.0
1273 "1717" -110.242096 264.36783 0.0
1274 "1739" 265.5416 351.02036 0.0
1275 "866" 361.49246 -30.519886 0.0
1276 "205" -118.65961 -381.8888 0.0
1277 "298" -447.63358 199.79417 0.0
1278 "336" 379.43472 179.39952 0.0
1279 "667" 333.82547 -420.01288 0.0
1280 "714" 89.81149 -191.89104 0.0
1281 "999" -334.54654 316.93784 0.0
1282 "1576" -286.8066 -424.73166 0.0
1283 "304" 303.97403 375.7784 0.0
1284 "1699" -315.09418 242.9644 0.0
1285 "213" 9.674162 286.15677 0.0
1286 "246" 53.271393 -127.09511 0.0
1287 "321" -445.7646 -299.67563 0.0
1288 "387" -30.025759 334.8925 0.0
1289 "532" -8.814577 -166.55046 0.0
1290 "627" 312.68863 299.22446 0.0
1291 "703" -411.3422 -43.4027 0.0
1292 "760" -335.63303 -272.3029 0.0
1293 "1054" -456.12387 184.106 0.0
1294 "1289" -141.06412 -160.19179 0.0
1295 "286" 99.75394 -100.37111 0.0
1296 "564" -430.25256 23.914043 0.0
1297 "584" -33.771423 298.89877 0.0
1298 "1594" -35.01248 187.51262 0.0
1299 "505" 12.424589 -307.68726 0.0
1300 "1282" 283.34256 -403.5119 0.0
1301 "1854" 40.467804 406.7228 0.0
1302 "225" 293.5781 340.06564 0.0
1303 "227" 77.74777 353.3575 0.0
1304 "229" -6.714845 176.39006 0.0
1305 "230" 31.65463 -412.41113 0.0
1306 "732" -425.1003 -336.94418 0.0
1307 "1013" -260.7104 476.29727 0.0
1308 "1778" -358.795 157.5797 0.0
1309 "1328" 414.37888 409.8773 0.0
1310 "787" -112.12442 484.7211 0.0
1311 "808" 244.59372 348.46518 0.0
1312 "1264" -12.775484 -189.2787 0.0
1313 "659" 424.70877 -124.24159 0.0
1314 "1074" 205.16714 -461.05734 0.0
1315 "1209" 224.5051 -151.16295 0.0
1316 "1295" 362.5156 -152.94185 0.0
1317 "1324" -214.94699 178.68529 0.0
1318 "1351" 112.06979 -177.149 0.0
1319 "1359" 212.98434 -246.34966 0.0
1320 "1376" 144.57364 23.851482 0.0
1321 "1470" 199.59189 26.865948 0.0
1322 "1504" -140.54593 -314.55008 0.0
1323 "1525" -169.93057 328.7056 0.0
1324 "1541" 240.36526 -267.20917 0.0
1325 "1608" 467.93314 -463.37936 0.0
1326 "1629" 160.9089 213.6649 0.0
1327 "1708" -399.3598 337.25644 0.0
1328 "1718" 112.505585 -237.21785 0.0
1329 "909" 314.64944 -50.4695 0.0
1330 "958" 394.24222 232.22179 0.0
1331 "1112" -368.35745 -157.60652 0.0
1332 "350" 133.62198 -321.4811 0.0
1333 "433" 282.35342 -322.71573 0.0
1334 "935" 117.49643 483.7626 0.0
1335 "272" -379.5717 432.83 0.0
1336 "1247" 304.0593 -493.7562 0.0
1337 "838" 285.9664 428.12863 0.0
1338 "1555" 59.63333 -194.39543 0.0
1339 "1610" -83.13278 -249.00597 0.0
1340 "1732" -381.9155 -331.8935 0.0
1341 "287" -324.16257 418.82913 0.0
1342 "1028" -3.9532793 369.5477 0.0
1343 "261" -388.11322 452.33444 0.0
1344 "647" -386.25443 356.5234 0.0
1345 "989" -92.6315 -73.95259 0.0
1346 "1298" 169.05704 301.13882 0.0
1347 "264" -124.902954 -25.253986 0.0
1348 "522" -108.45819 -210.0533 0.0
1349 "637" 164.8024 -318.95865 0.0
1350 "650" 163.54593 244.79686 0.0
1351 "651" 14.155668 -252.97914 0.0
1352 "653" -362.93924 41.447857 0.0
1353 "661" -463.1705 -138.40596 0.0
1354 "663" 397.8856 -308.79358 0.0
1355 "666" -21.469637 -284.76822 0.0
1356 "676" 432.73953 381.5228 0.0
1357 "691" -408.33032 -314.9219 0.0
1358 "692" -359.68002 133.38579 0.0
1359 "693" 280.31418 315.95413 0.0
1360 "694" -106.094666 326.52402 0.0
1361 "695" 449.28525 -143.43852 0.0
1362 "268" 210.95432 367.835 0.0
1363 "468" -445.2494 275.2321 0.0
1364 "720" -85.74786 -165.8733 0.0
1365 "903" -301.6181 375.86105 0.0
1366 "362" -220.49185 -492.82864 0.0
1367 "496" 233.12411 -137.80382 0.0
1368 "1032" -444.09024 337.2347 0.0
1369 "1066" -244.1467 457.45023 0.0
1370 "1186" -81.010864 -479.34225 0.0
1371 "1213" 50.67282 476.23727 0.0
1372 "1241" -130.73862 -442.26712 0.0
1373 "1320" -483.67416 -432.87332 0.0
1374 "1688" -174.55652 369.02994 0.0
1375 "1741" 362.17935 -303.35513 0.0
1376 "1071" 177.66586 291.49136 0.0
1377 "1627" 389.4595 -170.65327 0.0
1378 "628" -136.0607 50.030193 0.0
1379 "1502" 487.89633 173.61418 0.0
1380 "1126" -387.75873 -393.97086 0.0
1381 "1193" 72.661835 309.13235 0.0
1382 "517" -149.06104 121.051865 0.0
1383 "292" -437.53793 -10.470478 0.0
1384 "520" -68.13486 142.2423 0.0
1385 "1787" -343.12985 -77.542404 0.0
1386 "580" 233.21713 -484.6973 0.0
1387 "1397" -390.53604 369.42978 0.0
1388 "1549" -86.4509 461.6033 0.0
1389 "550" -86.940674 -20.980762 0.0
1390 "484" -426.5198 -282.10773 0.0
1391 "1583" -185.69543 -130.43767 0.0
1392 "705" -151.65753 -369.762 0.0
1393 "1175" -142.8692 -388.69962 0.0
1394 "384" 2.8437788 -381.7504 0.0
1395 "1702" 218.02731 422.93106 0.0
1396 "558" -72.07733 481.28616 0.0
1397 "1392" -59.161133 -406.16946 0.0
1398 "1535" -449.6757 -394.72165 0.0
1399 "1548" 304.7579 -129.25365 0.0
1400 "438" -442.973 246.95195 0.0
1401 "570" 466.41135 306.5505 0.0
1402 "1019" -490.49884 -278.34573 0.0
1403 "1115" 205.418 -141.3192 0.0
1404 "1228" -123.11603 -498.34924 0.0
1405 "1274" 72.51999 -153.81294 0.0
1406 "431" 252.5051 -56.327473 0.0
1407 "435" 490.36655 226.83965 0.0
1408 "759" 34.798553 -392.3418 0.0
1409 "849" 389.25717 -460.4556 0.0
1410 "1517" 151.4902 -96.94954 0.0
1411 "1762" -226.37411 272.34982 0.0
1412 "937" -14.95096 104.668076 0.0
1413 "1391" 209.77567 362.61826 0.0
1414 "310" -482.25565 -382.908 0.0
1415 "390" -398.65103 -486.52448 0.0
1416 "1011" -143.74927 -265.33502 0.0
1417 "1120" -223.75342 19.438946 0.0
1418 "1171" -281.4045 43.620342 0.0
1419 "1736" 347.18277 -165.8344 0.0
1420 "1075" 170.34378 43.518536 0.0
1421 "348" 27.792997 -315.45016 0.0
1422 "412" -117.73056 -472.91525 0.0
1423 "490" 87.185394 137.93932 0.0
1424 "491" 448.35995 -249.29546 0.0
1425 "506" -91.945465 -336.9729 0.0
1426 "507" -149.14426 452.2482 0.0
1427 "421" -323.04727 -109.98302 0.0
1428 "455" -11.873568 328.5602 0.0
1429 "458" 80.039825 471.94754 0.0
1430 "643" 291.53732 -328.13852 0.0
1431 "728" -496.38947 176.60112 0.0
1432 "1007" -150.939 482.47928 0.0
1433 "1044" -354.07736 97.21001 0.0
1434 "1047" 126.24112 -475.26926 0.0
1435 "1073" -364.67126 160.21501 0.0
1436 "1164" 329.21634 473.45303 0.0
1437 "1347" -280.56186 429.61728 0.0
1438 "1537" -310.13535 -489.416 0.0
1439 "941" 341.01382 60.00474 0.0
1440 "1243" 469.72873 474.36423 0.0
1441 "1292" -51.46457 134.12474 0.0
1442 "552" 277.23624 -61.856495 0.0
1443 "581" 202.83554 35.910442 0.0
1444 "364" 371.82834 401.4393 0.0
1445 "1442" 335.94302 456.16122 0.0
1446 "793" -11.036074 112.80974 0.0
1447 "1268" 294.2449 -394.38644 0.0
1448 "1462" 361.56595 -87.73424 0.0
1449 "1848" -44.697296 -281.0707 0.0
1450 "1242" 36.329865 -119.6364 0.0
1451 "946" 146.1384 473.16684 0.0
1452 "947" 287.41415 -488.21945 0.0
1453 "1058" 410.52872 -484.40942 0.0
1454 "1734" -84.613556 -406.90732 0.0
1455 "655" 473.82608 -101.788376 0.0
1456 "436" 485.8976 -42.36385 0.0
1457 "872" 136.04837 -149.75716 0.0
1458 "1358" 110.41043 -185.25145 0.0
1459 "1722" -112.54138 -15.309254 0.0
1460 "1772" 200.40964 406.35025 0.0
1461 "816" -114.41992 -268.40567 0.0
1462 "1484" 236.871 330.74033 0.0
1463 "363" 58.570526 -482.0383 0.0
1464 "939" 488.3712 -8.354908 0.0
1465 "604" 7.1053147 -26.75716 0.0
1466 "736" -215.93167 279.9717 0.0
1467 "568" 65.39499 229.21733 0.0
1468 "1617" -98.11185 -223.6165 0.0
1469 "789" 351.69083 204.46422 0.0
1470 "461" -132.40103 474.72714 0.0
1471 "508" -110.39288 -383.88046 0.0
1472 "1377" 477.0635 269.50687 0.0
1473 "1529" -86.18329 345.41812 0.0
1474 "425" -348.19608 225.0136 0.0
1475 "812" 287.15158 -301.4471 0.0
1476 "737" -182.87933 -50.617725 0.0
1477 "882" -449.13214 50.676006 0.0
1478 "467" 352.35587 233.76408 0.0
1479 "1630" -494.1889 338.40396 0.0
1480 "1660" 304.49374 484.96408 0.0
1481 "870" 379.44345 -125.02162 0.0
1482 "1516" -20.857882 379.30948 0.0
1483 "471" -427.82825 2.2730222 0.0
1484 "1836" -272.95834 -403.82272 0.0
1485 "444" -303.858 165.12718 0.0
1486 "572" 229.59879 451.52438 0.0
1487 "613" 120.64157 96.02367 0.0
1488 "747" -146.45776 -255.0724 0.0
1489 "776" -479.52222 -68.080215 0.0
1490 "887" 192.65323 158.0537 0.0
1491 "888" -12.821505 250.07768 0.0
1492 "889" -256.3785 98.14598 0.0
1493 "890" 107.584625 206.03062 0.0
1494 "891" -226.56964 -32.97423 0.0
1495 "892" 40.38449 184.36003 0.0
1496 "894" -172.72366 454.27243 0.0
1497 "895" 28.363554 -368.25302 0.0
1498 "896" -1.1202408 -397.34073 0.0
1499 "897" -27.379091 31.801922 0.0
1500 "900" 39.144867 74.586716 0.0
1501 "902" -335.2692 302.46475 0.0
1502 "904" -385.5211 260.16855 0.0
1503 "905" 23.802763 249.30626 0.0
1504 "910" -457.31805 -389.20944 0.0
1505 "911" 217.62204 91.85118 0.0
1506 "1416" -367.8301 -143.62492 0.0
1507 "1201" -139.47296 495.08334 0.0
1508 "1250" -170.60428 -429.7505 0.0
1509 "690" -424.5912 -15.420216 0.0
1510 "1350" -260.31525 -117.5695 0.0
1511 "1737" 83.191864 101.26256 0.0
1512 "1024" 228.30136 10.299114 0.0
1513 "423" -359.61533 160.54472 0.0
1514 "426" -268.58322 -324.9421 0.0
1515 "1680" 83.76279 20.685467 0.0
1516 "1700" 110.74838 403.02255 0.0
1517 "1720" -39.024475 -163.53984 0.0
1518 "1319" 370.9929 172.71739 0.0
1519 "562" 226.84207 376.78806 0.0
1520 "1064" 325.77762 -138.09431 0.0
1521 "987" -232.66818 118.75145 0.0
1522 "510" 345.7045 473.1019 0.0
1523 "1369" -423.30258 -4.522693 0.0
1524 "1668" -348.83533 171.77544 0.0
1525 "457" -242.04169 371.64352 0.0
1526 "608" 222.95193 -241.62965 0.0
1527 "742" -357.09317 -452.09152 0.0
1528 "1638" 295.3049 313.42905 0.0
1529 "469" 235.0375 -145.64598 0.0
1530 "748" -431.14014 404.5234 0.0
1531 "1010" -132.72513 183.06975 0.0
1532 "537" -264.90234 424.35825 0.0
1533 "914" 436.10324 -368.70422 0.0
1534 "951" -360.78098 341.3289 0.0
1535 "1679" -175.32245 -220.91978 0.0
1536 "1786" 424.98502 386.97696 0.0
1537 "821" 159.72086 9.196819 0.0
1538 "1273" 302.9108 -20.797352 0.0
1539 "526" 360.4916 192.1074 0.0
1540 "1674" 162.30142 485.7571 0.0
1541 "485" 32.829376 5.0421567 0.0
1542 "1860" 107.971405 269.4509 0.0
1543 "1367" 137.26437 131.81078 0.0
1544 "869" 144.09073 -175.32042 0.0
1545 "1135" 17.403349 -401.25455 0.0
1546 "1293" -349.54913 -285.71863 0.0
1547 "1233" 313.28073 -457.78268 0.0
1548 "1562" 0.54699546 446.40616 0.0
1549 "1740" 4.0892015 -225.5449 0.0
1550 "723" -343.7759 392.988 0.0
1551 "1398" 325.68332 -383.06458 0.0
1552 "709" 340.23465 344.5793 0.0
1553 "1048" -409.52707 -395.59753 0.0
1554 "1065" 435.90982 320.71677 0.0
1555 "1588" 0.80218345 -172.38637 0.0
1556 "1536" -407.7551 -189.34474 0.0
1557 "1830" 391.63577 -120.80232 0.0
1558 "524" -376.9465 -293.782 0.0
1559 "565" 464.34995 -405.45004 0.0
1560 "791" 180.44467 -193.32286 0.0
1561 "875" 480.6534 38.479168 0.0
1562 "1114" 355.7308 -75.008255 0.0
1563 "1566" -425.8607 478.3586 0.0
1564 "1592" 314.97348 305.39444 0.0
1565 "1635" -193.30447 405.82394 0.0
1566 "1817" 311.72775 274.23288 0.0
1567 "1818" -152.02142 21.599834 0.0
1568 "1819" -63.854156 -210.86516 0.0
1569 "1820" -311.61874 -18.176044 0.0
1570 "1821" 257.45364 -174.01872 0.0
1571 "1822" 109.40158 -380.72025 0.0
1572 "1823" -404.0861 348.8345 0.0
1573 "1824" -269.9522 299.23526 0.0
1574 "1825" 20.743132 -55.11614 0.0
1575 "1826" 323.88864 47.125652 0.0
1576 "1827" 312.0482 74.63377 0.0
1577 "1811" -241.41245 94.10655 0.0
1578 "1240" 47.70401 286.9752 0.0
1579 "1581" 348.2338 -473.45648 0.0
1580 "1671" -319.80887 -320.55643 0.0
1581 "539" -371.4896 -203.20753 0.0
1582 "729" -46.23358 345.88174 0.0
1583 "1348" -434.28354 455.16446 0.0
1584 "1443" -221.05905 -453.11038 0.0
1585 "1634" -7.112764 96.75877 0.0
1586 "1177" -270.91025 -137.14284 0.0
1587 "1750" -370.26883 181.88481 0.0
1588 "763" -346.87875 -354.95984 0.0
1589 "885" 387.8314 85.08507 0.0
1590 "1602" -491.51584 -332.94583 0.0
1591 "1210" -211.46594 455.308 0.0
1592 "1212" 410.3929 -2.6763186 0.0
1593 "1678" 228.17361 -271.4285 0.0
1594 "804" 66.00229 -237.56023 0.0
1595 "622" -486.2391 424.49307 0.0
1596 "1038" 216.36496 -347.95737 0.0
1597 "660" -438.0128 -320.64395 0.0
1598 "1179" 444.3574 -272.24084 0.0
1599 "1290" 405.37338 320.91666 0.0
1600 "1303" -276.6407 341.8901 0.0
1601 "1454" -318.3802 -326.05215 0.0
1602 "1862" 379.3251 -254.04388 0.0
1603 "722" -404.30994 200.55461 0.0
1604 "1503" -282.01242 274.87454 0.0
1605 "1478" -61.112854 25.583477 0.0
1606 "1764" 429.28336 -170.54567 0.0
1607 "623" 125.15762 374.98965 0.0
1608 "962" 22.694487 -251.94026 0.0
1609 "854" 362.08627 -36.18752 0.0
1610 "772" -29.951448 57.70744 0.0
1611 "1544" 12.519621 410.45084 0.0
1612 "630" -63.575043 -474.47372 0.0
1613 "662" -77.51639 -174.78233 0.0
1614 "775" 465.16293 -106.57704 0.0
1615 "945" -7.9620376 -176.30812 0.0
1616 "1523" -250.42871 171.95982 0.0
1617 "631" -452.06567 349.17734 0.0
1618 "633" -328.20993 -106.13295 0.0
1619 "744" 140.42447 -146.38661 0.0
1620 "1300" 118.355865 -216.72649 0.0
1621 "1370" 231.2894 -417.4249 0.0
1622 "1492" -307.62552 383.65598 0.0
1623 "648" -133.86261 -62.463245 0.0
1624 "756" 333.8065 -194.32979 0.0
1625 "656" -168.7537 147.36363 0.0
1626 "664" 32.221527 -94.55934 0.0
1627 "665" -16.299532 -228.96532 0.0
1628 "668" -229.51962 -115.44905 0.0
1629 "670" 413.30038 -125.11128 0.0
1630 "671" 73.154144 -485.1096 0.0
1631 "672" -154.29996 80.22514 0.0
1632 "1479" 50.092438 -65.3242 0.0
1633 "702" 228.45169 60.879925 0.0
1634 "1773" -376.59756 236.38261 0.0
1635 "1877" -244.88333 485.43533 0.0
1636 "1095" -294.795 -127.01671 0.0
1637 "1574" -322.67477 -154.98616 0.0
1638 "936" 453.88217 245.80382 0.0
1639 "696" 130.64725 85.140976 0.0
1640 "1076" 378.13486 -294.5249 0.0
1641 "1631" -142.64044 468.95657 0.0
1642 "1774" -18.980715 -403.1311 0.0
1643 "1864" 147.67465 -360.91208 0.0
1644 "1374" -159.76654 -90.42833 0.0
1645 "813" -459.27927 416.79105 0.0
1646 "1067" -493.7246 -442.6349 0.0
1647 "1195" -172.4602 479.5026 0.0
1648 "1257" 366.69736 303.34525 0.0
1649 "1400" -319.40262 -308.26355 0.0
1650 "803" -327.4684 -128.27419 0.0
1651 "1219" -202.2261 -470.70377 0.0
1652 "1531" 252.06424 -156.96315 0.0
1653 "1382" -206.46631 -266.9352 0.0
1654 "1327" 47.486298 -483.65817 0.0
1655 "1868" 195.94601 56.17082 0.0
1656 "1898" -498.44843 40.26292 0.0
1657 "717" -184.54407 -272.87814 0.0
1658 "718" -5.77646 -235.98466 0.0
1659 "750" 439.78293 41.531536 0.0
1660 "751" -16.606142 -59.68157 0.0
1661 "1165" 279.04916 316.35843 0.0
1662 "1263" 239.108 -376.0367 0.0
1663 "1311" -163.78317 293.113 0.0
1664 "1441" -422.66592 -147.01796 0.0
1665 "1476" -89.85947 -39.72231 0.0
1666 "1528" -202.8374 -26.2235 0.0
1667 "1661" 252.01767 -319.77518 0.0
1668 "867" 104.42697 277.23038 0.0
1669 "730" -9.255281 452.20566 0.0
1670 "1306" 165.08572 -50.259754 0.0
1671 "745" 318.66635 120.5233 0.0
1672 "1593" 73.30905 -288.7329 0.0
1673 "1287" 86.42856 345.79074 0.0
1674 "1515" -57.93631 411.9232 0.0
1675 "1550" -105.87515 197.21513 0.0
1676 "1025" -471.90768 289.27286 0.0
1677 "1705" -14.3491535 295.13797 0.0
1678 "786" 288.53452 -449.5594 0.0
1679 "1490" -245.84076 -464.40057 0.0
1680 "1446" -466.9622 436.28336 0.0
1681 "1230" -51.266937 -437.51443 0.0
1682 "796" -116.93982 -50.701984 0.0
1683 "1464" -264.1273 317.85452 0.0
1684 "1465" 79.16507 -17.39983 0.0
1685 "1466" -385.88184 197.32848 0.0
1686 "1471" 287.46274 -325.77826 0.0
1687 "1473" -193.89603 -435.02457 0.0
1688 "1475" 447.95395 429.1426 0.0
1689 "807" 159.57285 -359.10367 0.0
1690 "1494" -119.6192 200.88255 0.0
1691 "925" -222.65247 64.768845 0.0
1692 "1305" 317.29514 305.14493 0.0
1693 "981" -434.0098 -240.10817 0.0
1694 "1199" -230.59729 249.91856 0.0
1695 "829" -356.1474 74.81084 0.0
1696 "1222" 144.84518 -190.3939 0.0
1697 "826" 81.44858 -436.605 0.0
1698 "827" 341.9329 -154.83626 0.0
1699 "877" -239.44391 179.27501 0.0
1700 "880" -386.05746 177.89879 0.0
1701 "1057" 233.18295 106.840805 0.0
1702 "1245" 364.94675 161.4882 0.0
1703 "837" 337.50662 -71.464096 0.0
1704 "1077" 177.2413 464.9426 0.0
1705 "1424" -14.874575 336.97562 0.0
1706 "1553" -206.20822 -21.343342 0.0
1707 "1606" -27.564913 140.4547 0.0
1708 "1834" -16.782045 -313.6509 0.0
1709 "1835" -111.32962 -118.301346 0.0
1710 "845" -299.81024 -192.38902 0.0
1711 "1872" 194.12906 -7.7466006 0.0
1712 "1090" -279.29172 -491.0563 0.0
1713 "1361" 324.32156 38.695232 0.0
1714 "1611" -20.403109 5.5835385 0.0
1715 "906" 239.26614 281.8837 0.0
1716 "976" 166.63016 -67.928085 0.0
1717 "1893" 181.87619 466.76785 0.0
1718 "1448" -251.92157 446.44724 0.0
1719 "876" -464.63687 487.79642 0.0
1720 "1218" 472.04874 -348.9052 0.0
1721 "918" -423.19662 333.77072 0.0
1722 "1514" -411.14664 -437.2913 0.0
1723 "1687" -387.50253 -493.98166 0.0
1724 "1096" 471.73984 44.481304 0.0
1725 "1035" 450.47214 -74.94469 0.0
1726 "1396" 58.666046 -174.44917 0.0
1727 "1422" 416.4565 193.44243 0.0
1728 "1204" -447.59137 -24.097553 0.0
1729 "968" 151.8865 -33.668232 0.0
1730 "1725" 114.14053 -20.669544 0.0
1731 "1867" 245.97159 96.23741 0.0
1732 "972" -135.281 -147.26521 0.0
1733 "1697" 348.58218 164.85356 0.0
1734 "979" 368.27408 -403.06137 0.0
1735 "1003" -213.3074 -7.7164187 0.0
1736 "1012" -85.70975 -367.62186 0.0
1737 "1696" -135.65674 -277.1694 0.0
1738 "1889" 337.22623 -227.57167 0.0
1739 "1894" -35.44046 126.540634 0.0
1740 "1194" -183.18256 -282.2048 0.0
1741 "1567" 291.39304 -173.02171 0.0
1742 "1766" 87.55954 17.31657 0.0
1743 "1716" -408.77252 268.2535 0.0
1744 "1746" -247.52863 -66.32185 0.0
1745 "1030" 474.71664 368.1074 0.0
1746 "1109" -55.91217 -323.03268 0.0
1747 "1605" 24.200773 -31.096363 0.0
1748 "1166" 404.73477 24.648785 0.0
1749 "1632" 216.1713 394.66226 0.0
1750 "1330" 168.48923 433.4612 0.0
1751 "1881" 314.33328 -350.1899 0.0
1752 "1061" 418.8306 366.89944 0.0
1753 "1455" -203.95993 54.11247 0.0
1754 "1082" -231.16101 -288.64194 0.0
1755 "1087" -436.6498 398.28885 0.0
1756 "1088" 164.89908 -165.32085 0.0
1757 "1089" 159.68625 26.105267 0.0
1758 "1170" -149.78043 52.75883 0.0
1759 "1160" 464.0482 -398.7255 0.0
1760 "1119" 341.07925 13.032574 0.0
1761 "1203" -133.03644 -298.7158 0.0
1762 "1794" 166.56302 -221.9268 0.0
1763 "1389" 245.83047 -204.6874 0.0
1764 "1140" 201.65182 198.19804 0.0
1765 "1368" 152.03934 -390.3195 0.0
1766 "1709" -216.11691 498.89908 0.0
1767 "1155" 498.2319 361.8267 0.0
1768 "1498" 445.39908 -122.93016 0.0
1769 "1159" -308.71365 -147.41637 0.0
1770 "1847" 15.052336 299.42007 0.0
1771 "1853" -404.90857 -53.431263 0.0
1772 "1883" 49.338654 -372.86783 0.0
1773 "1172" -73.10019 -458.20306 0.0
1774 "1225" 36.281036 -347.27316 0.0
1775 "1360" -307.97205 -267.8431 0.0
1776 "1703" -417.01334 -371.72964 0.0
1777 "1816" 43.8956 500.18497 0.0
1778 "1407" -154.54578 388.46982 0.0
1779 "1481" -480.1249 -57.39162 0.0
1780 "1560" -211.69284 227.86595 0.0
1781 "1723" -51.853546 -272.5817 0.0
1782 "1205" 472.48233 278.24832 0.0
1783 "1437" 446.73227 208.77342 0.0
1784 "1841" 460.50375 250.58134 0.0
1785 "1254" -156.88864 384.82266 0.0
1786 "1259" -398.17703 55.14256 0.0
1787 "1275" -468.71265 -326.42422 0.0
1788 "1685" -85.190094 -5.7589297 0.0
1789 "1653" 252.91574 303.23813 0.0
1790 "1694" 17.32858 -66.20479 0.0
1791 "1301" -459.93228 -34.032887 0.0
1792 "1456" -425.56613 103.215195 0.0
1793 "1457" -410.5624 267.79465 0.0
1794 "1458" -470.42218 -52.55138 0.0
1795 "1459" 151.27567 422.5007 0.0
1796 "1460" 464.81467 -239.28828 0.0
1797 "1892" -388.9438 -416.4891 0.0
1798 "1345" 295.84543 -331.65643 0.0
1799 "1429" -182.1351 185.43126 0.0
1800 "1499" -350.65457 -108.61653 0.0
1801 "1341" 370.71994 -324.37857 0.0
1802 "1600" -307.13217 127.88646 0.0
1803 "1677" 12.513273 56.246807 0.0
1804 "1656" -108.279785 315.65665 0.0
1805 "1318" -499.01105 -271.4603 0.0
1806 "1331" 152.56033 2.9902768 0.0
1807 "1333" -172.85046 233.53862 0.0
1808 "1447" 80.06076 47.186504 0.0
1809 "1815" -66.29071 -382.63785 0.0
1810 "1707" -379.15768 384.9966 0.0
1811 "1399" 149.68912 314.11636 0.0
1812 "1366" 197.97891 174.84697 0.0
1813 "1405" 401.97464 -364.17984 0.0
1814 "1613" -450.2736 -302.41544 0.0
1815 "1411" -109.36435 186.27391 0.0
1816 "1404" -122.26825 20.659771 0.0
1817 "1410" 322.03177 -225.41377 0.0
1818 "1572" -417.17188 -419.9281 0.0
1819 "1735" -17.79526 -305.88846 0.0
1820 "1757" -179.37503 -484.92957 0.0
1821 "1439" -97.21365 -446.15988 0.0
1822 "1495" 344.45236 -197.48323 0.0
1823 "1782" 122.62546 201.82304 0.0
1824 "1570" -380.17874 -19.023914 0.0
1825 "1469" -419.4351 -335.99832 0.0
1826 "1890" -7.5874343 -470.9763 0.0
1827 "1870" 488.2769 436.85104 0.0
1828 "1875" -229.29053 -232.08778 0.0
1829 "1884" 126.789276 -81.4637 0.0
1830 "1885" 444.7391 495.66263 0.0
1831 "1886" -113.685 240.81883 0.0
1832 "1887" -96.0087 427.8044 0.0
1833 "1888" 26.220243 272.73947 0.0
1834 "1533" 440.43326 -80.59511 0.0
1835 "1584" 70.446625 107.14427 0.0
1836 "1693" -473.3586 373.69125 0.0
1837 "1511" -26.573977 -87.59331 0.0
1838 "1659" -155.57764 204.4843 0.0
1839 "1879" 192.50656 -365.75803 0.0
1840 "1524" -194.10287 212.82463 0.0
1841 "1530" -414.868 -333.70563 0.0
1842 "1532" -143.1264 -237.41142 0.0
1843 "1563" -387.50552 273.22043 0.0
1844 "1628" 181.43478 195.55363 0.0
1845 "1695" -323.89154 246.27934 0.0
1846 "1712" 37.02127 -486.71265 0.0
1847 "1804" -460.273 -1.0205264 0.0
1848 "1855" -159.11234 471.3987 0.0
1849 "1861" -303.74817 69.12157 0.0
1850 "1586" 301.665 -118.89641 0.0
1851 "1591" 227.76224 -216.38478 0.0
1852 "1754" 343.86264 93.721664 0.0
1853 "1547" 176.51602 -336.26254 0.0
1854 "1552" 308.494 355.63412 0.0
1855 "1571" -304.24777 1.038403 0.0
1856 "1755" -70.38782 -35.601826 0.0
1857 "1564" 281.35043 -82.11 0.0
1858 "1569" -115.60507 -68.87428 0.0
1859 "1595" 198.88028 141.71233 0.0
1860 "1590" 293.51645 159.8994 0.0
1861 "1596" -184.70001 -331.7993 0.0
1862 "1607" 408.89853 -8.086842 0.0
1863 "1599" -79.46158 466.4164 0.0
1864 "1666" -132.46664 330.18765 0.0
1865 "1858" 281.4247 387.39188 0.0
1866 "1891" 312.9216 460.12534 0.0
1867 "1612" -391.09775 477.94235 0.0
1868 "1614" -110.227875 111.83452 0.0
1869 "1663" -160.80615 -27.337269 0.0
1870 "1704" 102.960785 272.0654 0.0
1871 "1810" 130.55893 339.62827 0.0
1872 "1871" -201.65372 -253.23506 0.0
1873 "1654" 259.51163 -110.89177 0.0
1874 "1658" -429.1055 499.67172 0.0
1875 "1684" 163.84464 -380.3624 0.0
1876 "1670" -265.33716 348.0363 0.0
1877 "1672" 224.53049 172.08488 0.0
1878 "1726" 99.54831 -316.5342 0.0
1879 "1714" -495.45224 -10.111073 0.0
1880 "1733" 191.30405 -495.9433 0.0
1881 "1832" -430.09186 42.43083 0.0
1882 "1833" 224.18167 193.3928 0.0
1883 "1845" -293.3661 -241.4572 0.0
1884 "1780" 89.657135 162.64977 0.0
1885 "1797" 317.165 138.4464 0.0
1886 "1798" -139.94962 -316.038 0.0
1887 "1801" 30.649382 364.95224 0.0
1888 "1802" -177.5506 -13.628468 0.0
1889 "1812" -406.2025 -381.4595 0.0
1890 "1813" -143.79727 -39.907948 0.0
1891 "1863" -77.54111 215.9824 0.0
1892 "1844" 46.34384 -379.51358 0.0
1893 "1873" -211.19565 -361.54935 0.0
1894 "1869" -214.33566 -179.93117 0.0
1895 "1874" 494.97433 492.60666 0.0
1896 "1880" 259.7526 -434.99203 0.0
1897 "1895" -458.71844 -43.058704 0.0
1898 "1896" 132.16849 -307.97922 0.0
1899 "1899" -264.46997 -194.31569 0.0
